0, 0 0 0.00 30.67;
1, 50 50 1.53 30.17;
2, 100 50 3.07 29.66;
3, 150 50 4.60 29.16;
4, 200 49 6.13 28.53;
5, 250 49 7.57 22.59;
6, 300 50 9.00 16.64;
7, 350 49 10.43 10.70;
8, 400 49 11.81 5.09;
9, 450 49 12.06 6.48;
10, 500 49 12.31 7.87;
11, 550 50 12.57 9.26;
12, 600 50 12.84 10.60;
13, 650 49 13.36 11.24;
14, 700 50 13.89 11.87;
15, 750 49 14.42 12.50;
16, 800 50 14.96 12.89;
17, 850 50 15.61 10.87;
18, 900 49 16.27 8.84;
19, 950 50 16.92 6.82;
20, 1000 49 17.53 5.19;
21, 1050 50 17.78 6.58;
22, 1100 50 18.03 7.97;
23, 1150 50 18.28 9.36;
24, 1200 50 18.57 10.46;
25, 1250 49 19.10 9.70;
26, 1300 50 19.63 8.94;
27, 1350 50 20.16 8.18;
28, 1400 50 20.66 7.50;
29, 1450 50 21.04 7.25;
30, 1500 49 21.41 7.00;
31, 1550 50 21.79 6.74;
32, 1600 50 22.16 6.63;
33, 1650 50 22.49 7.13;
34, 1700 50 22.81 7.64;
35, 1750 49 23.14 8.15;
36, 1800 50 23.49 8.45;
37, 1850 50 23.91 7.94;
38, 1900 50 24.34 7.43;
39, 1950 50 24.77 6.93;
40, 2000 49 25.17 6.82;
41, 2050 50 25.50 8.09;
42, 2100 49 25.83 9.35;
43, 2150 49 26.15 10.62;
44, 2200 50 26.54 11.31;
45, 2250 49 27.12 10.30;
46, 2300 50 27.70 9.29;
47, 2350 49 28.28 8.28;
48, 2400 50 28.80 7.51;
49, 2450 49 29.18 7.38;
50, 2500 49 29.56 7.26;
51, 2550 50 29.93 7.13;
52, 2600 49 30.30 6.85;
53, 2650 50 30.66 6.22;
54, 2700 49 31.01 5.59;
55, 2750 49 31.36 4.96;
56, 2800 50 31.67 4.85;
57, 2850 49 31.90 5.86;
58, 2900 50 32.12 6.87;
59, 2950 49 32.35 7.88;
60, 3000 49 32.65 8.89;
61, 3050 50 33.07 9.90;
62, 3100 49 33.50 10.92;
63, 3150 50 33.93 11.93;
64, 3200 49 34.43 11.83;
65, 3250 49 35.06 9.80;
66, 3300 50 35.69 7.76;
67, 3350 49 36.31 5.72;
68, 3400 50 36.79 4.68;
69, 3450 49 37.01 5.21;
70, 3500 49 37.23 5.74;
71, 3550 50 37.46 6.27;
72, 3600 49 37.72 6.38;
73, 3650 50 38.05 5.86;
74, 3700 49 38.38 5.34;
75, 3750 49 38.71 4.82;
76, 3800 50 39.00 5.07;
77, 3850 49 39.22 6.34;
78, 3900 50 39.45 7.60;
79, 3950 49 39.68 8.86;
80, 4000 49 40.02 9.04;
81, 4050 49 40.49 7.90;
82, 4100 50 40.97 6.76;
83, 4150 49 41.45 5.62;
84, 4200 49 41.82 5.39;
85, 4250 49 42.07 6.15;
86, 4300 49 42.32 6.91;
87, 4350 50 42.57 7.67;
88, 4400 49 42.90 7.73;
89, 4450 49 43.30 7.10;
90, 4500 49 43.71 6.47;
91, 4550 49 44.11 5.83;
92, 4600 50 44.44 5.99;
93, 4650 49 44.72 6.88;
94, 4700 49 45.00 7.76;
95, 4750 49 45.27 8.65;
96, 4800 50 45.65 8.78;
97, 4850 49 46.10 8.27;
98, 4900 49 46.55 7.76;
99, 4950 49 47.00 7.26;
100, 5000 49 47.40 6.11;
101, 5050 50 47.75 4.46;
102, 5100 49 48.10 2.82;
103, 5150 49 48.46 1.18;
104, 5200 49 48.61 0.43;
105, 5250 49 48.64 0.30;
106, 5300 50 48.67 0.18;
107, 5350 49 48.69 0.05;
108, 5400 49 48.70 0.00;
109, 5450 49 48.70 0.00;
110, 5500 49 48.70 0.00;
111, 5550 50 48.70 0.00;
112, 5600 49 48.68 0.00;
113, 5650 49 48.66 0.00;
114, 5700 49 48.63 0.00;
115, 5750 49 48.61 0.00;
116, 5800 50 48.60 0.00;
117, 5850 49 48.60 0.00;
118, 5900 49 48.60 0.00;
119, 5950 49 48.60 0.00;
120, 6000 49 48.60 0.00;
121, 6050 50 48.60 0.00;
122, 6100 49 48.60 0.00;
123, 6150 49 48.60 0.00;
124, 6200 49 48.60 0.00;
125, 6250 49 48.60 0.00;
126, 6300 50 48.60 0.00;
127, 6350 49 48.60 0.00;
128, 6400 49 48.60 0.00;
129, 6450 49 48.60 0.00;
130, 6500 49 48.60 0.00;
131, 6550 50 48.60 0.00;
132, 6600 49 48.60 0.09;
133, 6650 49 48.60 0.22;
134, 6700 49 48.60 0.35;
135, 6750 49 48.60 0.47;
136, 6800 50 48.62 0.41;
137, 6850 49 48.64 0.28;
138, 6900 49 48.67 0.15;
139, 6950 49 48.69 0.03;
140, 7000 49 48.70 0.00;
141, 7050 50 48.70 0.00;
142, 7100 49 48.70 0.00;
143, 7150 49 48.70 0.00;
144, 7200 49 48.68 0.00;
145, 7250 49 48.65 0.00;
146, 7300 50 48.63 0.00;
147, 7350 49 48.60 0.00;
148, 7400 49 48.60 0.00;
149, 7450 49 48.60 0.00;
150, 7500 49 48.60 0.00;
151, 7550 50 48.60 0.00;
152, 7600 49 48.60 0.00;
153, 7650 49 48.60 0.00;
154, 7700 49 48.60 0.00;
155, 7750 49 48.60 0.00;
156, 7800 50 48.60 0.11;
157, 7850 49 48.60 0.24;
158, 7900 49 48.60 0.36;
159, 7950 49 48.60 0.49;
160, 8000 49 48.62 3.49;
161, 8050 50 48.65 6.78;
162, 8100 49 48.67 10.07;
163, 8150 50 48.70 13.35;
164, 8200 50 49.33 11.34;
165, 8250 49 50.01 8.94;
166, 8300 50 50.69 6.53;
167, 8350 49 51.37 4.13;
168, 8400 50 51.59 3.06;
169, 8450 50 51.79 2.05;
170, 8500 49 51.99 1.03;
171, 8550 50 52.20 0.02;
172, 8600 49 52.18 0.00;
173, 8650 50 52.15 0.00;
174, 8700 50 52.13 0.00;
175, 8750 49 52.10 0.00;
176, 8800 50 52.10 0.00;
177, 8850 49 52.10 0.00;
178, 8900 50 52.10 0.00;
179, 8950 50 52.10 0.00;
180, 9000 49 52.10 0.00;
181, 9050 50 52.10 0.00;
182, 9100 49 52.10 0.00;
183, 9150 50 52.10 0.00;
184, 9200 50 52.07 0.00;
185, 9250 49 52.05 0.00;
186, 9300 50 52.02 0.00;
187, 9350 49 52.00 0.01;
188, 9400 50 52.00 0.14;
189, 9450 50 52.00 0.26;
190, 9500 49 52.00 0.39;
191, 9550 50 52.00 0.49;
192, 9600 50 52.03 0.36;
193, 9650 49 52.05 0.24;
194, 9700 50 52.08 0.11;
195, 9750 49 52.10 0.00;
196, 9800 50 52.10 0.00;
197, 9850 50 52.10 0.00;
198, 9900 49 52.10 0.00;
199, 9950 50 52.10 0.00;
200, 10000 49 52.10 0.00;
201, 10050 50 52.10 0.00;
202, 10100 50 52.10 0.00;
203, 10150 49 52.10 0.00;
204, 10200 50 52.10 0.00;
205, 10250 49 52.10 0.00;
206, 10300 50 52.10 0.00;
207, 10350 50 52.10 0.00;
208, 10400 49 52.10 0.00;
209, 10450 50 52.10 0.00;
210, 10500 49 52.10 0.00;
211, 10550 50 52.10 0.00;
212, 10600 50 52.10 0.00;
213, 10650 49 52.10 0.00;
214, 10700 50 52.10 0.00;
215, 10750 49 52.10 0.00;
216, 10800 50 52.10 0.00;
217, 10850 50 52.10 0.00;
218, 10900 49 52.10 0.00;
219, 10950 50 52.10 0.00;
220, 11000 49 52.10 0.00;
221, 11050 50 52.10 0.00;
222, 11100 50 52.10 0.00;
223, 11150 49 52.09 0.03;
224, 11200 50 52.07 0.16;
225, 11250 49 52.04 0.29;
226, 11300 50 52.02 0.41;
227, 11350 50 52.01 0.47;
228, 11400 49 52.03 0.34;
229, 11450 50 52.06 0.21;
230, 11500 49 52.08 0.09;
231, 11550 50 52.10 0.00;
232, 11600 50 52.10 0.00;
233, 11650 49 52.10 0.00;
234, 11700 50 52.10 0.00;
235, 11750 49 52.09 0.00;
236, 11800 50 52.07 0.00;
237, 11850 50 52.04 0.00;
238, 11900 49 52.02 0.00;
239, 11950 50 52.00 0.00;
240, 12000 49 52.00 0.00;
241, 12050 50 52.00 0.00;
242, 12100 50 52.00 0.00;
243, 12150 49 52.00 0.00;
244, 12200 50 52.00 0.00;
245, 12250 49 52.00 0.00;
246, 12300 50 52.00 0.00;
247, 12350 50 52.00 0.00;
248, 12400 49 52.00 0.00;
249, 12450 50 52.00 0.00;
250, 12500 49 52.00 0.00;
251, 12550 50 52.00 0.05;
252, 12600 50 52.00 0.18;
253, 12650 49 52.00 0.31;
254, 12700 50 52.00 0.43;
255, 12750 49 52.01 0.45;
256, 12800 50 52.04 0.32;
257, 12850 50 52.06 0.19;
258, 12900 49 52.09 0.07;
259, 12950 50 52.10 0.00;
260, 13000 49 52.10 0.00;
261, 13050 50 52.10 0.00;
262, 13100 50 52.10 0.00;
263, 13150 49 52.09 0.00;
264, 13200 50 52.06 0.00;
265, 13250 49 52.04 0.00;
266, 13300 50 52.01 0.00;
267, 13350 50 52.00 0.00;
268, 13400 49 52.00 0.00;
269, 13450 50 52.00 0.00;
270, 13500 49 52.00 0.00;
271, 13550 50 52.00 0.00;
272, 13600 50 52.00 0.00;
273, 13650 49 52.00 0.00;
274, 13700 50 52.00 0.00;
275, 13750 49 52.00 0.00;
276, 13800 50 52.00 0.00;
277, 13850 50 52.00 0.00;
278, 13900 49 52.00 0.00;
279, 13950 50 52.00 0.00;
280, 14000 49 52.00 0.00;
281, 14050 50 52.00 0.00;
282, 14100 50 52.00 0.00;
283, 14150 49 52.00 0.00;
284, 14200 50 52.00 0.00;
285, 14250 49 52.00 0.00;
286, 14300 50 52.00 0.00;
287, 14350 50 52.00 0.00;
288, 14400 49 52.00 0.00;
289, 14450 50 52.00 0.00;
290, 14500 49 52.00 0.00;
291, 14550 50 52.00 0.00;
292, 14600 50 52.00 0.00;
293, 14650 49 52.00 0.00;
294, 14700 50 52.00 0.00;
295, 14750 49 52.00 0.00;
296, 14800 50 52.00 0.00;
297, 14850 50 52.00 0.00;
298, 14900 49 52.00 0.00;
299, 14950 50 52.00 0.00;
300, 15000 49 52.00 0.00;
301, 15050 50 52.00 0.00;
302, 15100 50 52.00 0.00;
303, 15150 49 52.00 0.00;
304, 15200 50 52.00 0.00;
305, 15250 49 52.00 0.00;
306, 15300 50 52.00 0.00;
307, 15350 50 52.00 0.00;
308, 15400 49 52.00 0.00;
309, 15450 50 52.00 0.00;
310, 15500 49 52.00 0.00;
311, 15550 50 52.00 0.00;
312, 15600 50 52.00 0.00;
313, 15650 49 52.00 0.00;
314, 15700 50 52.00 0.00;
315, 15750 49 52.00 0.00;
316, 15800 50 52.00 0.00;
317, 15850 50 52.00 0.00;
318, 15900 49 52.00 0.00;
319, 15950 50 52.00 0.00;
320, 16000 49 52.00 0.00;
321, 16050 50 52.00 0.00;
322, 16100 50 52.00 0.00;
323, 16150 50 52.00 0.00;
324, 16200 49 52.00 0.00;
325, 16250 50 52.00 0.00;
326, 16300 50 52.00 0.00;
327, 16350 50 52.00 0.00;
328, 16400 50 52.00 0.00;
329, 16450 49 52.00 0.00;
330, 16500 50 52.00 0.00;
331, 16550 50 52.00 0.00;
332, 16600 50 52.00 0.00;
333, 16650 50 52.00 0.00;
334, 16700 49 52.00 0.00;
335, 16750 50 52.00 0.00;
336, 16800 50 52.00 0.00;
337, 16850 50 52.00 0.00;
338, 16900 50 52.00 0.00;
339, 16950 49 52.00 0.00;
340, 17000 50 52.00 0.00;
341, 17050 50 52.00 0.00;
342, 17100 50 52.00 0.00;
343, 17150 50 52.00 0.00;
344, 17200 49 52.00 0.00;
345, 17250 50 52.00 0.00;
346, 17300 50 52.00 0.00;
347, 17350 50 52.00 0.00;
348, 17400 50 52.00 0.00;
349, 17450 49 52.00 0.00;
350, 17500 50 52.00 0.00;
351, 17550 50 52.00 0.00;
352, 17600 50 52.00 0.00;
353, 17650 50 52.00 0.00;
354, 17700 49 52.00 0.00;
355, 17750 50 52.00 0.00;
356, 17800 50 52.00 0.00;
357, 17850 50 52.00 0.00;
358, 17900 50 52.00 0.00;
359, 17950 49 52.00 0.00;
360, 18000 50 52.00 0.00;
361, 18050 50 52.00 0.00;
362, 18100 50 52.00 0.00;
363, 18150 50 52.00 0.00;
364, 18200 49 52.00 0.00;
365, 18250 50 52.00 0.00;
366, 18300 50 52.00 0.00;
367, 18350 50 52.00 0.00;
368, 18400 50 52.00 0.00;
369, 18450 49 52.00 0.00;
370, 18500 50 52.00 0.00;
371, 18550 50 52.00 0.00;
372, 18600 50 52.00 0.00;
373, 18650 50 52.00 0.00;
374, 18700 49 52.00 0.00;
375, 18750 50 52.00 0.00;
376, 18800 50 52.00 0.00;
377, 18850 50 52.00 0.00;
378, 18900 50 52.00 0.00;
379, 18950 49 52.00 0.00;
380, 19000 50 52.00 0.00;
381, 19050 50 52.00 0.00;
382, 19100 50 52.00 0.00;
383, 19150 50 52.00 0.00;
384, 19200 50 52.00 0.00;
385, 19250 49 52.00 0.00;
386, 19300 50 52.00 0.00;
387, 19350 50 52.00 0.00;
388, 19400 50 52.00 0.00;
389, 19450 50 52.00 0.00;
390, 19500 49 52.00 0.00;
391, 19550 50 52.00 0.00;
392, 19600 50 52.00 0.00;
393, 19650 50 52.00 0.00;
394, 19700 50 52.00 0.00;
395, 19750 49 52.00 0.00;
396, 19800 50 52.00 0.00;
397, 19850 50 52.00 0.00;
398, 19900 50 52.00 0.00;
399, 19950 50 52.00 0.00;
400, 20000 49 52.00 0.00;
401, 20050 50 52.00 0.00;
402, 20100 50 52.00 0.00;
403, 20150 50 52.00 0.00;
404, 20200 50 52.00 0.00;
405, 20250 49 52.00 0.00;
406, 20300 50 52.00 0.00;
407, 20350 50 52.00 0.00;
408, 20400 50 52.00 0.00;
409, 20450 50 52.00 0.00;
410, 20500 49 52.00 0.00;
411, 20550 50 52.00 0.00;
412, 20600 50 52.00 0.00;
413, 20650 50 52.00 0.00;
414, 20700 50 52.00 0.00;
415, 20750 49 52.00 0.00;
416, 20800 50 52.00 0.00;
417, 20850 50 52.00 0.00;
418, 20900 50 52.00 0.00;
419, 20950 50 52.00 0.00;
420, 21000 49 52.00 0.00;
421, 21050 50 52.00 0.00;
422, 21100 50 52.00 0.00;
423, 21150 50 52.00 0.00;
424, 21200 50 52.00 0.00;
425, 21250 49 52.00 0.00;
426, 21300 50 52.00 0.00;
427, 21350 50 52.00 0.00;
428, 21400 50 52.00 0.00;
429, 21450 50 52.00 0.00;
430, 21500 49 52.00 0.00;
431, 21550 50 52.00 0.00;
432, 21600 50 52.00 0.00;
433, 21650 50 52.00 0.00;
434, 21700 50 52.00 0.00;
435, 21750 49 52.00 0.00;
436, 21800 50 52.00 0.00;
437, 21850 50 52.00 0.00;
438, 21900 50 52.00 0.00;
439, 21950 50 52.00 0.00;
440, 22000 49 52.00 0.00;
441, 22050 50 52.00 0.00;
442, 22100 50 52.00 0.00;
443, 22150 50 52.00 0.00;
444, 22200 50 52.00 0.00;
445, 22250 49 52.00 0.00;
446, 22300 50 52.00 0.00;
447, 22350 50 52.00 0.00;
448, 22400 50 52.00 0.00;
449, 22450 50 52.00 0.00;
450, 22500 49 52.00 0.00;
451, 22550 50 52.00 0.00;
452, 22600 50 52.00 0.00;
453, 22650 50 52.00 0.00;
454, 22700 50 52.00 0.00;
455, 22750 49 52.00 0.00;
456, 22800 50 52.00 0.00;
457, 22850 50 52.00 0.00;
458, 22900 50 52.00 0.00;
459, 22950 50 52.00 0.00;
460, 23000 49 52.00 0.00;
461, 23050 50 52.00 0.00;
462, 23100 50 52.00 0.00;
463, 23150 50 52.00 0.00;
464, 23200 50 52.00 0.00;
465, 23250 49 52.00 0.00;
466, 23300 50 52.00 0.00;
467, 23350 50 52.00 0.00;
468, 23400 50 52.00 0.00;
469, 23450 50 52.00 0.00;
470, 23500 49 52.00 0.00;
471, 23550 50 52.00 0.00;
472, 23600 50 52.00 0.00;
473, 23650 50 52.00 0.00;
474, 23700 50 52.00 0.00;
475, 23750 49 52.00 0.00;
476, 23800 50 52.00 0.00;
477, 23850 50 52.00 0.00;
478, 23900 50 52.00 0.00;
479, 23950 50 52.00 0.00;
480, 24000 49 52.00 0.00;
481, 24050 50 52.00 0.00;
482, 24100 50 52.00 0.00;
483, 24150 50 52.00 0.00;
484, 24200 50 52.00 0.00;
485, 24250 49 52.00 0.00;
486, 24300 50 52.00 0.00;
487, 24350 50 52.00 0.00;
488, 24400 50 52.00 0.00;
489, 24450 50 52.00 0.00;
490, 24500 49 52.00 0.00;
491, 24550 50 52.00 0.00;
492, 24600 50 52.00 0.00;
493, 24650 50 52.00 0.00;
494, 24700 50 52.00 0.00;
495, 24750 49 52.00 0.00;
496, 24800 50 52.00 0.00;
497, 24850 50 52.00 0.00;
498, 24900 50 52.00 0.00;
499, 24950 50 52.00 0.00;
500, 25000 49 52.00 0.00;
501, 25050 50 52.00 0.00;
502, 25100 50 52.00 0.00;
503, 25150 50 52.00 0.00;
504, 25200 50 52.00 0.00;
505, 25250 49 52.00 0.00;
506, 25300 50 52.00 0.00;
507, 25350 50 52.00 0.00;
508, 25400 50 52.00 0.00;
509, 25450 50 52.00 0.00;
510, 25500 49 52.00 0.00;
511, 25550 50 52.00 0.00;
512, 25600 50 52.00 0.00;
513, 25650 50 52.00 0.00;
514, 25700 50 52.00 0.00;
515, 25750 49 52.00 0.00;
516, 25800 50 52.00 0.00;
517, 25850 50 52.00 0.00;
518, 25900 50 52.00 0.00;
519, 25950 50 52.00 0.00;
520, 26000 49 52.00 0.00;
521, 26050 50 52.00 0.00;
522, 26100 50 52.00 0.00;
523, 26150 50 52.00 0.00;
524, 26200 50 52.00 0.00;
525, 26250 49 52.00 0.00;
526, 26300 50 52.00 0.00;
527, 26350 50 52.00 0.00;
528, 26400 50 52.00 0.00;
529, 26450 50 52.00 0.00;
530, 26500 49 52.00 0.00;
531, 26550 50 52.00 0.00;
532, 26600 50 52.00 0.00;
533, 26650 50 52.00 0.00;
534, 26700 50 52.00 0.00;
535, 26750 49 52.00 0.00;
536, 26800 50 52.00 0.00;
537, 26850 50 52.00 0.00;
538, 26900 50 52.00 0.00;
539, 26950 50 52.00 0.00;
540, 27000 49 52.00 0.00;
541, 27050 50 52.00 0.00;
542, 27100 50 52.00 0.00;
543, 27150 50 52.00 0.00;
544, 27200 50 52.00 0.00;
545, 27250 49 52.00 0.00;
546, 27300 50 52.00 0.00;
547, 27350 50 52.00 0.00;
548, 27400 50 52.00 0.00;
549, 27450 50 52.00 0.00;
550, 27500 49 52.00 0.00;
551, 27550 50 52.00 0.00;
552, 27600 50 52.00 0.00;
553, 27650 50 52.00 0.00;
554, 27700 50 52.00 0.00;
555, 27750 49 52.00 0.00;
556, 27800 50 52.00 0.00;
557, 27850 50 52.00 0.00;
558, 27900 50 52.00 0.00;
559, 27950 50 52.00 0.00;
560, 28000 49 52.00 0.00;
561, 28050 50 52.00 0.00;
562, 28100 50 52.00 0.00;
563, 28150 50 52.00 0.00;
564, 28200 50 52.00 0.00;
565, 28250 49 52.00 0.00;
566, 28300 50 52.00 0.00;
567, 28350 50 52.00 0.00;
568, 28400 50 52.00 0.00;
569, 28450 50 52.00 0.00;
570, 28500 49 52.00 0.00;
571, 28550 50 52.00 0.00;
572, 28600 50 52.00 0.00;
573, 28650 50 52.00 0.00;
574, 28700 50 52.00 0.00;
575, 28750 49 52.00 0.00;
576, 28800 50 52.00 0.00;
577, 28850 50 51.99 0.00;
578, 28900 50 51.97 0.00;
579, 28950 50 51.94 0.00;
580, 29000 49 51.92 0.00;
581, 29050 50 51.90 0.00;
582, 29100 50 51.90 0.00;
583, 29150 50 51.90 0.00;
584, 29200 50 51.90 0.00;
585, 29250 49 51.90 0.00;
586, 29300 50 51.90 0.00;
587, 29350 50 51.90 0.00;
588, 29400 50 51.90 0.00;
589, 29450 50 51.90 0.00;
590, 29500 49 51.90 0.00;
591, 29550 50 51.90 0.00;
592, 29600 50 51.90 0.00;
593, 29650 50 51.90 0.00;
594, 29700 50 51.90 0.00;
595, 29750 49 51.90 0.00;
596, 29800 50 51.90 0.00;
597, 29850 50 51.90 0.00;
598, 29900 50 51.90 0.00;
599, 29950 50 51.90 0.00;
600, 30000 49 51.90 0.00;
601, 30050 50 51.90 0.00;
602, 30100 50 51.90 0.00;
603, 30150 50 51.90 0.00;
604, 30200 50 51.90 0.00;
605, 30250 49 51.90 0.00;
606, 30300 50 51.90 0.00;
607, 30350 50 51.90 0.00;
608, 30400 50 51.90 0.00;
609, 30450 50 51.90 0.00;
610, 30500 49 51.90 0.00;
611, 30550 50 51.90 0.00;
612, 30600 50 51.90 0.00;
613, 30650 50 51.90 0.00;
614, 30700 50 51.90 0.00;
615, 30750 49 51.90 0.00;
616, 30800 50 51.90 0.00;
617, 30850 50 51.90 0.00;
618, 30900 50 51.90 0.00;
619, 30950 50 51.90 0.00;
620, 31000 49 51.90 0.00;
621, 31050 50 51.90 0.00;
622, 31100 50 51.90 0.00;
623, 31150 50 51.90 0.00;
624, 31200 50 51.90 0.00;
625, 31250 49 51.90 0.00;
626, 31300 50 51.90 0.00;
627, 31350 50 51.90 0.00;
628, 31400 50 51.90 0.00;
629, 31450 50 51.90 0.00;
630, 31500 49 51.90 0.00;
631, 31550 50 51.90 0.00;
632, 31600 50 51.90 0.00;
633, 31650 50 51.90 0.00;
634, 31700 50 51.90 0.00;
635, 31750 49 51.90 0.00;
636, 31800 50 51.90 0.00;
637, 31850 50 51.90 0.00;
638, 31900 50 51.90 0.00;
639, 31950 50 51.90 0.00;
640, 32000 49 51.90 0.00;
641, 32050 50 51.90 0.00;
642, 32100 49 51.90 0.00;
643, 32150 49 51.90 0.00;
644, 32200 50 51.90 0.00;
645, 32250 49 51.90 0.00;
646, 32300 50 51.90 0.00;
647, 32350 49 51.90 0.00;
648, 32400 49 51.90 0.00;
649, 32450 50 51.90 0.00;
650, 32500 49 51.90 0.00;
651, 32550 50 51.90 0.00;
652, 32600 49 51.90 0.00;
653, 32650 49 51.90 0.00;
654, 32700 50 51.90 0.00;
655, 32750 49 51.90 0.00;
656, 32800 50 51.90 0.00;
657, 32850 49 51.90 0.00;
658, 32900 49 51.90 0.00;
659, 32950 50 51.90 0.00;
660, 33000 49 51.90 0.00;
661, 33050 50 51.90 0.00;
662, 33100 49 51.90 0.00;
663, 33150 49 51.90 0.00;
664, 33200 50 51.90 0.00;
665, 33250 49 51.90 0.00;
666, 33300 50 51.90 0.00;
667, 33350 49 51.90 0.00;
668, 33400 49 51.90 0.00;
669, 33450 50 51.90 0.00;
670, 33500 49 51.90 0.00;
671, 33550 50 51.90 0.00;
672, 33600 49 51.90 0.00;
673, 33650 49 51.90 0.00;
674, 33700 50 51.90 0.00;
675, 33750 49 51.90 0.00;
676, 33800 50 51.90 0.00;
677, 33850 49 51.90 0.00;
678, 33900 49 51.90 0.00;
679, 33950 50 51.90 0.00;
680, 34000 49 51.90 0.00;
681, 34050 50 51.90 0.00;
682, 34100 49 51.90 0.00;
683, 34150 49 51.90 0.00;
684, 34200 50 51.90 0.00;
685, 34250 49 51.90 0.00;
686, 34300 50 51.90 0.00;
687, 34350 49 51.90 0.00;
688, 34400 49 51.90 0.00;
689, 34450 50 51.90 0.00;
690, 34500 49 51.90 0.00;
691, 34550 50 51.90 0.00;
692, 34600 49 51.90 0.00;
693, 34650 49 51.90 0.00;
694, 34700 50 51.90 0.00;
695, 34750 49 51.90 0.00;
696, 34800 50 51.90 0.00;
697, 34850 49 51.90 0.00;
698, 34900 49 51.90 0.00;
699, 34950 50 51.90 0.00;
700, 35000 49 51.90 0.00;
701, 35050 50 51.90 0.00;
702, 35100 49 51.90 0.00;
703, 35150 49 51.90 0.00;
704, 35200 50 51.90 0.00;
705, 35250 49 51.90 0.00;
706, 35300 50 51.90 0.00;
707, 35350 49 51.90 0.00;
708, 35400 49 51.90 0.00;
709, 35450 50 51.90 0.00;
710, 35500 49 51.90 0.00;
711, 35550 50 51.90 0.00;
712, 35600 49 51.90 0.00;
713, 35650 49 51.90 0.00;
714, 35700 50 51.90 0.00;
715, 35750 49 51.90 0.00;
716, 35800 50 51.90 0.00;
717, 35850 49 51.90 0.00;
718, 35900 49 51.90 0.00;
719, 35950 50 51.90 0.00;
720, 36000 49 51.90 0.00;
721, 36050 50 51.90 0.00;
722, 36100 49 51.90 0.00;
723, 36150 49 51.90 0.00;
724, 36200 50 51.90 0.00;
725, 36250 49 51.90 0.00;
726, 36300 50 51.90 0.00;
727, 36350 49 51.90 0.00;
728, 36400 49 51.90 0.00;
729, 36450 50 51.90 0.00;
730, 36500 49 51.90 0.00;
731, 36550 50 51.90 0.00;
732, 36600 49 51.90 0.00;
733, 36650 49 51.90 0.00;
734, 36700 50 51.90 0.00;
735, 36750 49 51.90 0.00;
736, 36800 50 51.90 0.00;
737, 36850 49 51.90 0.00;
738, 36900 49 51.90 0.00;
739, 36950 50 51.90 0.00;
740, 37000 49 51.90 0.00;
741, 37050 50 51.90 0.00;
742, 37100 49 51.90 0.00;
743, 37150 49 51.90 0.00;
744, 37200 50 51.90 0.00;
745, 37250 49 51.90 0.00;
746, 37300 50 51.90 0.00;
747, 37350 49 51.90 0.00;
748, 37400 49 51.90 0.00;
749, 37450 50 51.90 0.00;
750, 37500 49 51.90 0.00;
751, 37550 50 51.90 0.00;
752, 37600 49 51.90 0.00;
753, 37650 49 51.90 0.00;
754, 37700 50 51.90 0.00;
755, 37750 49 51.90 0.00;
756, 37800 50 51.90 0.00;
757, 37850 49 51.90 0.00;
758, 37900 49 51.90 0.00;
759, 37950 50 51.90 0.00;
760, 38000 49 51.90 0.00;
761, 38050 50 51.90 0.00;
762, 38100 49 51.90 0.00;
763, 38150 49 51.90 0.00;
764, 38200 50 51.90 0.00;
765, 38250 49 51.90 0.00;
766, 38300 50 51.90 0.00;
767, 38350 49 51.90 0.00;
768, 38400 50 51.90 0.00;
769, 38450 49 51.90 0.00;
770, 38500 49 51.90 0.00;
771, 38550 50 51.90 0.00;
772, 38600 49 51.90 0.00;
773, 38650 50 51.90 0.00;
774, 38700 49 51.90 0.00;
775, 38750 49 51.90 0.00;
776, 38800 50 51.90 0.00;
777, 38850 49 51.90 0.00;
778, 38900 50 51.90 0.00;
779, 38950 49 51.90 0.00;
780, 39000 49 51.90 0.00;
781, 39050 50 51.90 0.00;
782, 39100 49 51.90 0.00;
783, 39150 50 51.90 0.00;
784, 39200 49 51.90 0.00;
785, 39250 49 51.90 0.00;
786, 39300 50 51.90 0.00;
787, 39350 49 51.90 0.00;
788, 39400 50 51.90 0.00;
789, 39450 49 51.90 0.00;
790, 39500 49 51.90 0.00;
791, 39550 50 51.90 0.00;
792, 39600 49 51.90 0.00;
793, 39650 50 51.90 0.00;
794, 39700 49 51.90 0.00;
795, 39750 49 51.90 0.00;
796, 39800 50 51.90 0.00;
797, 39850 49 51.90 0.00;
798, 39900 50 51.90 0.00;
799, 39950 49 51.90 0.00;
800, 40000 49 51.90 0.00;
801, 40050 50 51.90 0.00;
802, 40100 49 51.90 0.00;
803, 40150 50 51.90 0.00;
804, 40200 49 51.90 0.00;
805, 40250 49 51.90 0.00;
806, 40300 50 51.90 0.00;
807, 40350 49 51.90 0.00;
808, 40400 50 51.90 0.00;
809, 40450 49 51.90 0.00;
810, 40500 49 51.90 0.00;
811, 40550 50 51.90 0.00;
812, 40600 49 51.90 0.00;
813, 40650 50 51.90 0.00;
814, 40700 49 51.90 0.00;
815, 40750 49 51.90 0.00;
816, 40800 50 51.90 0.00;
817, 40850 49 51.90 0.00;
818, 40900 50 51.90 0.00;
819, 40950 49 51.90 0.00;
820, 41000 49 51.90 0.00;
821, 41050 50 51.90 0.00;
822, 41100 49 51.90 0.00;
823, 41150 50 51.90 0.00;
824, 41200 49 51.90 0.00;
825, 41250 49 51.90 0.00;
826, 41300 50 51.90 0.00;
827, 41350 49 51.90 0.00;
828, 41400 50 51.90 0.00;
829, 41450 49 51.90 0.00;
830, 41500 49 51.90 0.00;
831, 41550 50 51.90 0.00;
832, 41600 49 51.90 0.00;
833, 41650 50 51.90 0.00;
834, 41700 49 51.90 0.00;
835, 41750 49 51.90 0.00;
836, 41800 50 51.90 0.00;
837, 41850 49 51.90 0.00;
838, 41900 50 51.90 0.00;
839, 41950 49 51.90 0.00;
840, 42000 49 51.90 0.00;
841, 42050 50 51.90 0.00;
842, 42100 49 51.90 0.00;
843, 42150 50 51.90 0.00;
844, 42200 49 51.90 0.00;
845, 42250 49 51.90 0.00;
846, 42300 50 51.90 0.00;
847, 42350 49 51.90 0.00;
848, 42400 50 51.90 0.00;
849, 42450 49 51.90 0.00;
850, 42500 49 51.90 0.00;
851, 42550 50 51.90 0.00;
852, 42600 49 51.90 0.00;
853, 42650 50 51.90 0.00;
854, 42700 49 51.90 0.00;
855, 42750 49 51.90 0.00;
856, 42800 50 51.90 0.00;
857, 42850 49 51.90 0.00;
858, 42900 50 51.90 0.00;
859, 42950 49 51.90 0.00;
860, 43000 49 51.90 0.00;
861, 43050 50 51.90 0.00;
862, 43100 49 51.90 0.00;
863, 43150 50 51.90 0.00;
864, 43200 49 51.90 0.00;
865, 43250 49 51.90 0.00;
866, 43300 50 51.90 0.00;
867, 43350 49 51.90 0.00;
868, 43400 50 51.90 0.00;
869, 43450 49 51.90 0.00;
870, 43500 49 51.90 0.00;
871, 43550 50 51.90 0.00;
872, 43600 49 51.90 0.00;
873, 43650 50 51.90 0.00;
874, 43700 49 51.90 0.00;
875, 43750 49 51.90 0.00;
876, 43800 50 51.90 1.52;
877, 43850 49 51.90 3.03;
878, 43900 50 51.90 4.55;
879, 43950 49 51.91 6.02;
880, 44000 49 52.21 5.26;
881, 44050 50 52.51 4.50;
882, 44100 49 52.81 3.74;
883, 44150 50 53.11 3.04;
884, 44200 49 53.26 3.55;
885, 44250 49 53.41 4.05;
886, 44300 50 53.56 4.56;
887, 44350 49 53.72 4.98;
888, 44400 50 53.97 4.22;
889, 44450 49 54.22 3.46;
890, 44500 49 54.47 2.70;
891, 44550 50 54.71 2.00;
892, 44600 49 54.81 1.87;
893, 44650 50 54.91 1.75;
894, 44700 49 55.01 1.62;
895, 44750 49 55.11 1.65;
896, 44800 50 55.18 2.92;
897, 44850 49 55.26 4.18;
898, 44900 50 55.33 5.45;
899, 44950 49 55.44 6.38;
900, 45000 49 55.77 5.24;
901, 45050 50 56.10 4.11;
902, 45100 49 56.43 2.97;
903, 45150 50 56.72 2.07;
904, 45200 49 56.82 2.45;
905, 45250 49 56.92 2.83;
906, 45300 50 57.02 3.21;
907, 45350 49 57.13 3.45;
908, 45400 50 57.31 3.07;
909, 45450 49 57.48 2.69;
910, 45500 49 57.66 2.31;
911, 45550 50 57.82 2.06;
912, 45600 49 57.92 2.32;
913, 45650 50 58.02 2.57;
914, 45700 49 58.12 2.82;
915, 45750 49 58.23 3.07;
916, 45800 50 58.39 3.33;
917, 45850 49 58.54 3.58;
918, 45900 50 58.69 3.83;
919, 45950 49 58.85 3.99;
920, 46000 49 59.05 3.86;
921, 46050 50 59.25 3.74;
922, 46100 49 59.45 3.61;
923, 46150 50 59.65 3.49;
924, 46200 49 59.82 3.36;
925, 46250 49 60.00 3.23;
926, 46300 50 60.18 3.11;
927, 46350 49 60.34 3.28;
928, 46400 50 60.50 4.16;
929, 46450 49 60.65 5.05;
930, 46500 49 60.80 5.93;
931, 46550 50 61.00 6.50;
932, 46600 49 61.33 6.37;
933, 46650 50 61.66 6.24;
934, 46700 49 61.98 6.12;
935, 46750 49 62.30 6.16;
936, 46800 50 62.60 6.54;
937, 46850 49 62.91 6.92;
938, 46900 50 63.21 7.30;
939, 46950 49 63.54 7.40;
940, 47000 49 63.91 7.03;
941, 47050 50 64.29 6.65;
942, 47100 49 64.67 6.27;
943, 47150 50 65.02 5.74;
944, 47200 49 65.32 4.97;
945, 47250 49 65.62 4.19;
946, 47300 50 65.92 3.42;
947, 47350 49 66.16 3.03;
948, 47400 50 66.31 3.18;
949, 47450 49 66.46 3.33;
950, 47500 49 66.61 3.48;
951, 47550 50 66.77 3.40;
952, 47600 49 66.95 3.01;
953, 47650 50 67.12 2.62;
954, 47700 49 67.30 2.23;
955, 47750 49 67.45 2.01;
956, 47800 50 67.55 1.99;
957, 47850 49 67.65 1.98;
958, 47900 50 67.75 1.97;
959, 47950 49 67.85 2.03;
960, 48000 49 67.94 2.17;
961, 48050 50 68.04 2.31;
962, 48100 49 68.14 2.44;
963, 48150 50 68.25 2.51;
964, 48200 49 68.38 2.51;
965, 48250 49 68.50 2.51;
966, 48300 50 68.63 2.51;
967, 48350 49 68.76 2.45;
968, 48400 50 68.88 2.34;
969, 48450 49 69.01 2.23;
970, 48500 49 69.13 2.11;
971, 48550 50 69.25 2.47;
972, 48600 49 69.35 3.21;
973, 48650 50 69.45 3.96;
974, 48700 49 69.56 4.71;
975, 48750 49 69.74 5.32;
976, 48800 50 69.99 5.82;
977, 48850 49 70.25 6.33;
978, 48900 50 70.50 6.83;
979, 48950 49 70.81 6.67;
980, 49000 49 71.16 6.03;
981, 49050 50 71.51 5.40;
982, 49100 49 71.86 4.77;
983, 49150 50 72.14 4.22;
984, 49200 49 72.37 3.71;
985, 49250 49 72.59 3.20;
986, 49300 50 72.82 2.70;
987, 49350 49 72.98 2.35;
988, 49400 50 73.11 2.08;
989, 49450 49 73.23 1.81;
990, 49500 49 73.36 1.55;
991, 49550 50 73.45 1.47;
992, 49600 49 73.52 1.50;
993, 49650 50 73.59 1.53;
994, 49700 49 73.67 1.55;
995, 49750 49 73.74 2.41;
996, 49800 50 73.82 3.66;
997, 49850 49 73.90 4.92;
998, 49900 50 73.98 6.17;
999, 49950 49 74.23 6.36;
1000, 50000 49 74.56 6.11;
1001, 50050 50 74.88 5.85;
1002, 50100 49 75.21 5.60;
1003, 50150 50 75.50 4.98;
1004, 50200 49 75.78 4.22;
1005, 50250 49 76.05 3.46;
1006, 50300 50 76.33 2.70;
1007, 50350 49 76.49 2.23;
1008, 50400 50 76.62 1.85;
1009, 50450 49 76.75 1.47;
1010, 50500 49 76.87 1.09;
1011, 50550 50 76.94 2.08;
1012, 50600 49 76.99 3.47;
1013, 50650 50 77.04 4.86;
1014, 50700 49 77.09 6.25;
1015, 50750 49 77.36 6.64;
1016, 50800 50 77.69 6.76;
1017, 50850 49 78.01 6.89;
1018, 50900 50 78.34 7.02;
1019, 50950 49 78.69 6.32;
1020, 51000 49 79.04 5.43;
1021, 51050 50 79.39 4.55;
1022, 51100 49 79.74 3.66;
1023, 51150 50 79.95 4.16;
1024, 51200 49 80.12 4.92;
1025, 51250 49 80.30 5.68;
1026, 51300 50 80.48 6.43;
1027, 51350 49 80.78 6.32;
1028, 51400 50 81.11 6.07;
1029, 51450 49 81.44 5.81;
1030, 51500 49 81.76 5.56;
1031, 51550 50 82.05 5.08;
1032, 51600 49 82.32 4.58;
1033, 51650 50 82.60 4.07;
1034, 51700 49 82.87 3.57;
1035, 51750 49 83.06 4.32;
1036, 51800 50 83.24 5.21;
1037, 51850 49 83.41 6.09;
1038, 51900 50 83.59 6.98;
1039, 51950 49 83.93 7.04;
1040, 52000 49 84.28 7.04;
1041, 52050 50 84.63 7.04;
1042, 52100 49 84.98 7.04;
1043, 52150 50 85.34 6.07;
1044, 52200 49 85.69 5.06;
1045, 52250 49 86.04 4.05;
1046, 52300 50 86.39 3.04;
1047, 52350 49 86.55 3.51;
1048, 52400 50 86.70 4.02;
1049, 52450 49 86.85 4.52;
1050, 52500 49 87.00 5.03;
1051, 52550 50 87.25 4.90;
1052, 52600 49 87.50 4.78;
1053, 52650 50 87.75 4.65;
1054, 52700 49 88.01 4.52;
1055, 52750 49 88.23 4.14;
1056, 52800 50 88.46 3.76;
1057, 52850 49 88.68 3.38;
1058, 52900 50 88.91 3.07;
1059, 52950 49 89.06 4.21;
1060, 53000 49 89.21 5.34;
1061, 53050 50 89.36 6.48;
1062, 53100 49 89.53 7.52;
1063, 53150 50 89.90 7.14;
1064, 53200 49 90.28 6.76;
1065, 53250 49 90.66 6.38;
1066, 53300 50 91.03 6.00;
1067, 53350 49 91.33 5.62;
1068, 53400 50 91.63 5.24;
1069, 53450 49 91.93 4.86;
1070, 53500 49 92.23 4.55;
1071, 53550 50 92.45 4.81;
1072, 53600 49 92.68 5.06;
1073, 53650 50 92.90 5.31;
1074, 53700 49 93.14 5.58;
1075, 53750 49 93.41 5.96;
1076, 53800 50 93.69 6.34;
1077, 53850 49 93.97 6.72;
1078, 53900 50 94.26 6.92;
1079, 53950 49 94.61 6.16;
1080, 54000 49 94.96 5.40;
1081, 54050 50 95.31 4.64;
1082, 54100 49 95.64 4.11;
1083, 54150 50 95.84 4.62;
1084, 54200 49 96.04 5.13;
1085, 54250 49 96.24 5.63;
1086, 54300 50 96.46 6.06;
1087, 54350 49 96.76 6.19;
1088, 54400 50 97.07 6.31;
1089, 54450 49 97.37 6.44;
1090, 54500 49 97.67 6.51;
1091, 54550 50 98.00 6.38;
1092, 54600 49 98.33 6.26;
1093, 54650 50 98.65 6.13;
1094, 54700 49 98.98 5.84;
1095, 54750 49 99.28 5.09;
1096, 54800 50 99.58 4.33;
1097, 54850 49 99.88 3.57;
1098, 54900 50 100.14 3.43;
1099, 54950 49 100.29 4.95;
1100, 55000 49 100.44 6.47;
1101, 55050 50 100.59 7.98;
1102, 55100 49 100.83 8.90;
1103, 55150 50 101.29 8.40;
1104, 55200 49 101.74 7.89;
1105, 55250 49 102.19 7.38;
1106, 55300 50 102.61 7.04;
1107, 55350 49 102.96 7.04;
1108, 55400 50 103.32 7.04;
1109, 55450 49 103.67 7.04;
1110, 55500 49 104.02 7.00;
1111, 55550 50 104.37 6.87;
1112, 55600 49 104.72 6.74;
1113, 55650 50 105.08 6.62;
1114, 55700 49 105.42 6.03;
1115, 55750 49 105.75 4.64;
1116, 55800 50 106.07 3.25;
1117, 55850 49 106.40 1.86;
1118, 55900 50 106.62 0.91;
1119, 55950 49 106.67 0.66;
1120, 56000 49 106.72 0.40;
1121, 56050 50 106.77 0.15;
1122, 56100 49 106.79 0.00;
1123, 56150 50 106.76 0.00;
1124, 56200 49 106.74 0.00;
1125, 56250 49 106.71 0.00;
1126, 56300 50 106.70 0.00;
1127, 56350 49 106.70 0.00;
1128, 56400 50 106.70 0.00;
1129, 56450 49 106.70 0.00;
1130, 56500 49 106.68 0.69;
1131, 56550 50 106.63 2.21;
1132, 56600 49 106.58 3.72;
1133, 56650 50 106.53 5.24;
1134, 56700 49 106.64 15.09;
1135, 56750 49 106.95 34.05;
1136, 56800 50 107.25 53.02;
1137, 56850 49 107.55 71.98;
1138, 56900 50 109.74 83.54;
1139, 56950 49 113.81 87.70;
1140, 57000 49 117.88 91.86;
1141, 57050 50 121.96 96.02;
1142, 57100 49 126.46 98.95;
1143, 57150 50 131.36 100.74;
1144, 57200 49 136.26 102.54;
1145, 57250 49 141.16 104.33;
1146, 57300 50 146.26 90.73;
1147, 57350 49 151.52 64.29;
1148, 57400 50 156.77 37.85;
1149, 57450 49 162.03 11.42;
1150, 57500 49 156.03 0.22;
1151, 57550 50 141.47 0.59;
1152, 57600 49 126.91 0.97;
1153, 57650 50 112.36 1.35;
1154, 57700 49 106.44 1.28;
1155, 57750 49 106.52 0.91;
1156, 57800 50 106.60 0.53;
1157, 57850 49 106.67 0.15;
1158, 57900 50 106.68 0.00;
1159, 57950 49 106.66 0.00;
1160, 58000 49 106.63 0.00;
1161, 58050 50 106.61 0.00;
1162, 58100 49 106.60 0.00;
1163, 58150 50 106.60 0.00;
1164, 58200 49 106.60 0.00;
1165, 58250 49 106.60 0.00;
1166, 58300 50 106.60 0.08;
1167, 58350 49 106.60 0.21;
1168, 58400 50 106.60 0.34;
1169, 58450 49 106.60 0.46;
1170, 58500 49 106.62 0.42;
1171, 58550 50 106.64 0.29;
1172, 58600 49 106.67 0.16;
1173, 58650 50 106.69 0.04;
1174, 58700 49 106.70 0.00;
1175, 58750 49 106.70 0.00;
1176, 58800 50 106.70 0.00;
1177, 58850 49 106.70 0.00;
1178, 58900 50 106.70 0.00;
1179, 58950 49 106.70 0.00;
1180, 59000 49 106.70 0.00;
1181, 59050 50 106.70 0.00;
1182, 59100 49 106.70 0.00;
1183, 59150 50 106.70 0.00;
1184, 59200 49 106.70 0.00;
1185, 59250 49 106.70 0.00;
1186, 59300 50 106.70 1.37;
1187, 59350 49 106.70 3.14;
1188, 59400 50 106.70 4.91;
1189, 59450 49 106.70 6.68;
1190, 59500 49 106.98 6.64;
1191, 59550 50 107.33 6.13;
1192, 59600 49 107.68 5.63;
1193, 59650 50 108.04 5.12;
1194, 59700 49 108.31 4.93;
1195, 59750 49 108.56 4.80;
1196, 59800 50 108.81 4.67;
1197, 59850 49 109.06 4.55;
1198, 59900 50 109.29 4.10;
1199, 59950 49 109.52 3.59;
1200, 60000 49 109.74 3.09;
1201, 60050 50 109.97 2.58;
1202, 60100 49 110.11 2.73;
1203, 60150 50 110.23 2.99;
1204, 60200 49 110.36 3.24;
1205, 60250 49 110.49 3.49;
1206, 60300 50 110.66 3.63;
1207, 60350 49 110.83 3.76;
1208, 60400 50 111.01 3.88;
1209, 60450 49 111.18 4.01;
1210, 60500 49 111.38 4.25;
1211, 60550 50 111.58 4.51;
1212, 60600 49 111.79 4.76;
1213, 60650 50 111.99 5.01;
1214, 60700 49 112.23 5.03;
1215, 60750 49 112.49 5.03;
1216, 60800 50 112.74 5.03;
1217, 60850 49 112.99 5.03;
1218, 60900 50 113.24 5.75;
1219, 60950 49 113.49 6.51;
1220, 61000 49 113.74 7.27;
1221, 61050 50 113.99 8.03;
1222, 61100 49 114.39 7.06;
1223, 61150 50 114.80 6.05;
1224, 61200 49 115.20 5.03;
1225, 61250 49 115.60 4.02;
1226, 61300 50 115.80 5.03;
1227, 61350 49 116.00 6.05;
1228, 61400 50 116.20 7.06;
1229, 61450 49 116.41 8.04;
1230, 61500 49 116.81 7.66;
1231, 61550 50 117.21 7.28;
1232, 61600 49 117.62 6.90;
1233, 61650 50 118.01 6.53;
1234, 61700 49 118.34 6.40;
1235, 61750 49 118.67 6.28;
1236, 61800 50 119.00 6.15;
1237, 61850 49 119.32 6.02;
1238, 61900 50 119.62 5.76;
1239, 61950 49 119.92 5.51;
1240, 62000 49 120.23 5.26;
1241, 62050 50 120.52 4.98;
1242, 62100 49 120.77 4.48;
1243, 62150 50 121.03 3.97;
1244, 62200 49 121.28 3.47;
1245, 62250 49 121.52 3.18;
1246, 62300 50 121.67 4.57;
1247, 62350 49 121.82 5.96;
1248, 62400 50 121.97 7.35;
1249, 62450 49 122.16 8.58;
1250, 62500 49 122.59 8.84;
1251, 62550 50 123.01 9.09;
1252, 62600 49 123.44 9.34;
1253, 62650 50 123.88 9.45;
1254, 62700 49 124.35 8.82;
1255, 62750 49 124.83 8.19;
1256, 62800 50 125.31 7.56;
1257, 62850 49 125.76 6.83;
1258, 62900 50 126.12 5.70;
1259, 62950 49 126.47 4.56;
1260, 63000 49 126.82 3.42;
1261, 63050 50 127.13 2.80;
1262, 63100 49 127.25 4.19;
1263, 63150 50 127.38 5.58;
1264, 63200 49 127.50 6.97;
1265, 63250 49 127.69 8.10;
1266, 63300 50 128.09 8.36;
1267, 63350 49 128.50 8.61;
1268, 63400 50 128.90 8.86;
1269, 63450 49 129.31 8.64;
1270, 63500 49 129.77 7.00;
1271, 63550 50 130.22 5.35;
1272, 63600 49 130.67 3.71;
1273, 63650 50 131.03 2.69;
1274, 63700 49 131.16 3.32;
1275, 63750 49 131.29 3.95;
1276, 63800 50 131.41 4.58;
1277, 63850 49 131.57 5.14;
1278, 63900 50 131.83 5.52;
1279, 63950 49 132.08 5.90;
1280, 64000 49 132.33 6.28;
1281, 64050 49 132.60 6.01;
1282, 64100 50 132.93 4.37;
1283, 64150 49 133.26 2.73;
1284, 64200 49 133.58 1.08;
1285, 64250 49 133.66 11.16;
1286, 64300 49 133.26 43.91;
1287, 64350 50 132.86 76.66;
1288, 64400 49 132.46 109.40;
1289, 64450 49 134.57 118.33;
1290, 64500 49 141.08 85.59;
1291, 64550 49 147.59 52.84;
1292, 64600 50 154.10 20.09;
1293, 64650 49 157.78 7.43;
1294, 64700 49 156.95 26.64;
1295, 64750 49 156.12 45.86;
1296, 64800 49 155.29 65.08;
1297, 64850 50 156.36 78.40;
1298, 64900 49 160.19 83.20;
1299, 64950 49 164.01 88.01;
1300, 65000 49 167.83 92.81;
1301, 65050 49 172.06 85.17;
1302, 65100 50 176.84 61.15;
1303, 65150 49 181.62 37.13;
1304, 65200 49 186.39 13.10;
1305, 65250 49 188.81 0.00;
1306, 65300 49 188.38 0.00;
1307, 65350 50 187.95 0.00;
1308, 65400 49 187.52 0.00;
1309, 65450 49 180.77 0.49;
1310, 65500 49 167.09 1.51;
1311, 65550 49 153.41 2.54;
1312, 65600 50 139.73 3.56;
1313, 65650 49 132.99 3.62;
1314, 65700 49 133.20 2.73;
1315, 65750 49 133.40 1.83;
1316, 65800 49 133.60 0.93;
1317, 65850 50 133.71 0.44;
1318, 65900 49 133.74 0.31;
1319, 65950 49 133.76 0.18;
1320, 66000 49 133.79 0.06;
1321, 66050 49 133.80 0.00;
1322, 66100 50 133.80 0.00;
1323, 66150 49 133.80 0.00;
1324, 66200 49 133.80 0.00;
1325, 66250 49 133.80 0.00;
1326, 66300 49 133.80 0.00;
1327, 66350 50 133.80 0.00;
1328, 66400 49 133.80 0.00;
1329, 66450 49 133.80 0.00;
1330, 66500 49 133.80 0.00;
1331, 66550 49 133.80 0.00;
1332, 66600 50 133.80 0.00;
1333, 66650 49 133.80 0.00;
1334, 66700 49 133.80 0.00;
1335, 66750 49 133.80 0.00;
1336, 66800 49 133.80 0.00;
1337, 66850 50 133.80 0.00;
1338, 66900 49 133.80 0.00;
1339, 66950 49 133.80 0.00;
1340, 67000 49 133.80 0.00;
1341, 67050 49 133.80 0.00;
1342, 67100 50 133.80 0.00;
1343, 67150 49 133.80 0.00;
1344, 67200 49 133.80 0.00;
1345, 67250 49 133.80 0.00;
1346, 67300 49 133.80 0.00;
1347, 67350 50 133.80 0.00;
1348, 67400 49 133.80 0.00;
1349, 67450 49 133.80 0.00;
1350, 67500 49 133.80 0.00;
1351, 67550 49 133.80 0.00;
1352, 67600 50 133.80 0.00;
1353, 67650 49 133.80 0.00;
1354, 67700 49 133.80 0.00;
1355, 67750 49 133.80 0.00;
1356, 67800 49 133.80 0.00;
1357, 67850 50 133.80 0.00;
1358, 67900 49 133.80 0.00;
1359, 67950 49 133.80 0.00;
1360, 68000 49 133.80 0.00;
1361, 68050 49 133.80 0.00;
1362, 68100 50 133.80 0.00;
1363, 68150 49 133.80 0.00;
1364, 68200 49 133.80 0.00;
1365, 68250 49 133.80 0.00;
1366, 68300 49 133.80 0.00;
1367, 68350 50 133.80 0.00;
1368, 68400 49 133.80 0.00;
1369, 68450 49 133.80 0.00;
1370, 68500 49 133.80 0.00;
1371, 68550 49 133.80 0.00;
1372, 68600 50 133.80 0.00;
1373, 68650 49 133.80 0.00;
1374, 68700 49 133.80 0.00;
1375, 68750 49 133.80 0.00;
1376, 68800 49 133.80 0.00;
1377, 68850 50 133.80 0.00;
1378, 68900 49 133.80 0.00;
1379, 68950 49 133.80 0.00;
1380, 69000 49 133.80 0.00;
1381, 69050 49 133.80 0.00;
1382, 69100 50 133.80 0.00;
1383, 69150 49 133.80 0.00;
1384, 69200 49 133.80 0.00;
1385, 69250 49 133.80 0.00;
1386, 69300 49 133.80 0.00;
1387, 69350 50 133.80 0.00;
1388, 69400 49 133.80 0.00;
1389, 69450 49 133.80 0.47;
1390, 69500 49 133.80 0.98;
1391, 69550 49 133.80 1.48;
1392, 69600 50 133.80 1.99;
1393, 69650 49 133.90 1.89;
1394, 69700 49 134.00 1.76;
1395, 69750 49 134.10 1.64;
1396, 69800 49 134.20 1.51;
1397, 69850 50 134.27 3.24;
1398, 69900 49 134.35 5.01;
1399, 69950 49 134.42 6.78;
1400, 70000 49 134.50 8.55;
1401, 70050 49 134.93 7.79;
1402, 70100 50 135.35 7.03;
1403, 70150 49 135.78 6.27;
1404, 70200 49 136.21 5.51;
1405, 70250 49 136.48 4.50;
1406, 70300 49 136.76 3.49;
1407, 70350 50 137.04 2.47;
1408, 70400 49 137.30 1.56;
1409, 70450 49 137.38 2.70;
1410, 70500 49 137.45 3.84;
1411, 70550 49 137.53 4.97;
1412, 70600 50 137.62 5.97;
1413, 70650 49 137.92 5.09;
1414, 70700 49 138.22 4.20;
1415, 70750 49 138.53 3.32;
1416, 70800 49 138.81 2.56;
1417, 70850 50 138.94 3.07;
1418, 70900 49 139.06 3.57;
1419, 70950 49 139.19 4.08;
1420, 71000 49 139.33 4.53;
1421, 71050 49 139.55 4.53;
1422, 71100 50 139.78 4.53;
1423, 71150 49 140.00 4.53;
1424, 71200 49 140.23 4.49;
1425, 71250 49 140.46 4.24;
1426, 71300 49 140.68 3.99;
1427, 71350 50 140.91 3.73;
1428, 71400 49 141.13 3.68;
1429, 71450 49 141.30 4.69;
1430, 71500 49 141.48 5.70;
1431, 71550 49 141.66 6.72;
1432, 71600 50 141.87 7.31;
1433, 71650 49 142.25 6.05;
1434, 71700 49 142.62 4.78;
1435, 71750 49 143.00 3.52;
1436, 71800 49 143.33 2.75;
1437, 71850 50 143.45 3.88;
1438, 71900 49 143.58 5.02;
1439, 71950 49 143.70 6.16;
1440, 72000 49 143.88 7.04;
1441, 72050 49 144.23 7.04;
1442, 72100 50 144.58 7.04;
1443, 72150 49 144.94 7.04;
1444, 72200 49 145.29 6.95;
1445, 72250 49 145.64 6.57;
1446, 72300 49 145.99 6.19;
1447, 72350 50 146.34 5.81;
1448, 72400 49 146.68 5.29;
1449, 72450 49 146.95 4.41;
1450, 72500 49 147.23 3.52;
1451, 72550 49 147.51 2.63;
1452, 72600 50 147.73 2.20;
1453, 72650 49 147.83 2.83;
1454, 72700 49 147.93 3.46;
1455, 72750 49 148.03 4.09;
1456, 72800 49 148.17 4.72;
1457, 72850 50 148.40 5.34;
1458, 72900 49 148.62 5.96;
1459, 72950 49 148.85 6.58;
1460, 73000 49 149.12 7.13;
1461, 73050 49 149.47 7.53;
1462, 73100 50 149.82 7.94;
1463, 73150 49 150.17 8.34;
1464, 73200 49 150.55 8.18;
1465, 73250 49 150.98 7.01;
1466, 73300 49 151.41 5.85;
1467, 73350 50 151.84 4.69;
1468, 73400 49 152.18 4.42;
1469, 73450 49 152.38 5.59;
1470, 73500 49 152.57 6.75;
1471, 73550 49 152.77 7.91;
1472, 73600 50 153.07 7.97;
1473, 73650 49 153.50 6.44;
1474, 73700 49 153.93 4.91;
1475, 73750 49 154.36 3.38;
1476, 73800 49 154.65 3.28;
1477, 73850 50 154.78 5.05;
1478, 73900 49 154.91 6.82;
1479, 73950 49 155.03 8.59;
1480, 74000 49 155.32 9.55;
1481, 74050 49 155.79 9.54;
1482, 74100 50 156.27 9.52;
1483, 74150 49 156.75 9.51;
1484, 74200 49 157.23 8.67;
1485, 74250 49 157.70 6.91;
1486, 74300 49 158.18 5.15;
1487, 74350 50 158.65 3.39;
1488, 74400 49 158.95 2.58;
1489, 74450 49 159.08 2.72;
1490, 74500 49 159.20 2.86;
1491, 74550 49 159.33 3.00;
1492, 74600 50 159.47 3.79;
1493, 74650 49 159.62 5.17;
1494, 74700 49 159.78 6.54;
1495, 74750 49 159.93 7.92;
1496, 74800 49 160.23 8.48;
1497, 74850 50 160.66 8.35;
1498, 74900 49 161.09 8.23;
1499, 74950 49 161.52 8.10;
1500, 75000 49 161.93 7.33;
1501, 75050 49 162.33 6.06;
1502, 75100 50 162.73 4.80;
1503, 75150 49 163.14 3.53;
1504, 75200 49 163.39 3.76;
1505, 75250 49 163.54 5.03;
1506, 75300 49 163.69 6.29;
1507, 75350 50 163.84 7.56;
1508, 75400 49 164.15 7.81;
1509, 75450 49 164.55 7.43;
1510, 75500 49 164.95 7.05;
1511, 75550 49 165.35 6.68;
1512, 75600 50 165.71 5.65;
1513, 75650 49 166.03 4.26;
1514, 75700 49 166.36 2.87;
1515, 75750 49 166.69 1.48;
1516, 75800 49 166.83 0.84;
1517, 75850 50 166.88 0.59;
1518, 75900 49 166.93 0.33;
1519, 75950 49 166.98 0.08;
1520, 76000 49 167.00 0.00;
1521, 76050 49 167.00 0.00;
1522, 76100 50 167.00 0.00;
1523, 76150 49 167.00 0.00;
1524, 76200 49 167.00 10.96;
1525, 76250 49 167.00 26.51;
1526, 76300 49 167.00 42.06;
1527, 76350 50 167.00 57.61;
1528, 76400 49 169.25 77.58;
1529, 76450 49 172.34 99.20;
1530, 76500 49 175.43 120.82;
1531, 76550 49 178.53 142.44;
1532, 76600 50 184.84 126.41;
1533, 76650 49 192.24 97.84;
1534, 76700 49 199.63 69.26;
1535, 76750 49 207.02 40.69;
1536, 76800 50 210.02 35.46;
1537, 76850 49 211.73 37.11;
1538, 76900 49 213.44 38.75;
1539, 76950 49 215.15 40.40;
1540, 77000 49 217.12 54.51;
1541, 77050 50 219.16 71.83;
1542, 77100 49 221.19 89.15;
1543, 77150 49 223.23 106.47;
1544, 77200 49 228.08 89.04;
1545, 77250 49 233.57 63.88;
1546, 77300 50 239.05 38.72;
1547, 77350 49 244.53 13.56;
1548, 77400 49 245.80 22.21;
1549, 77450 49 246.28 37.25;
1550, 77500 49 246.76 52.30;
1551, 77550 50 247.23 67.34;
1552, 77600 49 250.30 54.33;
1553, 77650 49 253.77 36.88;
1554, 77700 49 257.24 19.43;
1555, 77750 49 260.71 1.98;
1556, 77800 50 241.33 0.00;
1557, 77850 49 219.03 0.00;
1558, 77900 49 196.73 0.00;
1559, 77950 49 174.43 0.00;
1560, 78000 49 171.19 0.00;
1561, 78050 50 169.86 0.00;
1562, 78100 49 168.52 0.00;
1563, 78150 49 167.19 0.00;
1564, 78200 49 167.10 0.00;
1565, 78250 49 167.10 0.00;
1566, 78300 50 167.10 0.00;
1567, 78350 49 167.10 0.00;
1568, 78400 49 167.10 0.00;
1569, 78450 49 167.10 0.00;
1570, 78500 49 167.10 0.00;
1571, 78550 50 167.10 0.00;
1572, 78600 49 167.08 0.00;
1573, 78650 49 167.05 0.00;
1574, 78700 49 167.03 0.00;
1575, 78750 49 167.00 0.00;
1576, 78800 50 167.00 0.00;
1577, 78850 49 167.00 0.00;
1578, 78900 49 167.00 0.00;
1579, 78950 49 167.00 0.00;
1580, 79000 49 167.00 0.00;
1581, 79050 50 167.00 0.00;
1582, 79100 49 167.00 0.00;
1583, 79150 49 167.00 0.00;
1584, 79200 49 167.00 0.00;
1585, 79250 49 167.00 0.00;
1586, 79300 50 167.00 0.00;
1587, 79350 49 167.00 0.00;
1588, 79400 49 167.00 0.00;
1589, 79450 49 167.00 0.00;
1590, 79500 49 167.00 0.00;
1591, 79550 50 167.00 0.00;
1592, 79600 49 167.00 0.00;
1593, 79650 49 167.00 0.00;
1594, 79700 49 167.00 0.00;
1595, 79750 49 167.00 0.00;
1596, 79800 50 167.00 0.00;
1597, 79850 49 167.00 0.00;
1598, 79900 49 167.00 0.00;
1599, 79950 49 167.00 0.00;
1600, 80000 49 167.00 0.00;
1601, 80050 50 167.00 0.00;
1602, 80100 49 167.00 0.00;
1603, 80150 49 167.00 0.00;
1604, 80200 49 167.00 0.00;
1605, 80250 49 167.00 0.00;
1606, 80300 50 167.00 0.00;
1607, 80350 49 167.00 0.00;
1608, 80400 49 167.00 0.00;
1609, 80450 49 167.00 0.00;
1610, 80500 49 167.00 0.00;
1611, 80550 50 167.00 0.00;
1612, 80600 49 167.00 0.00;
1613, 80650 49 167.00 0.00;
1614, 80700 49 167.00 0.00;
1615, 80750 49 167.00 0.00;
1616, 80800 50 167.00 0.00;
1617, 80850 49 167.00 0.00;
1618, 80900 49 167.00 0.00;
1619, 80950 49 167.00 0.00;
1620, 81000 49 167.00 0.00;
1621, 81050 50 167.00 0.00;
1622, 81100 49 167.00 0.00;
1623, 81150 49 167.00 0.59;
1624, 81200 49 167.00 2.74;
1625, 81250 49 167.00 4.88;
1626, 81300 50 167.00 7.03;
1627, 81350 49 167.13 8.21;
1628, 81400 49 167.55 7.07;
1629, 81450 49 167.98 5.94;
1630, 81500 49 168.41 4.80;
1631, 81550 50 168.76 4.02;
1632, 81600 49 168.97 4.02;
1633, 81650 49 169.17 4.02;
1634, 81700 49 169.37 4.02;
1635, 81750 49 169.57 4.07;
1636, 81800 50 169.77 4.19;
1637, 81850 49 169.97 4.32;
1638, 81900 49 170.17 4.45;
1639, 81950 49 170.38 4.62;
1640, 82000 49 170.61 4.87;
1641, 82050 50 170.83 5.12;
1642, 82100 49 171.06 5.38;
1643, 82150 49 171.31 5.58;
1644, 82200 49 171.58 5.71;
1645, 82250 49 171.86 5.83;
1646, 82300 50 172.14 5.96;
1647, 82350 49 172.42 6.24;
1648, 82400 49 172.73 6.75;
1649, 82450 49 173.03 7.25;
1650, 82500 49 173.33 7.76;
1651, 82550 50 173.67 7.72;
1652, 82600 49 174.08 6.96;
1653, 82650 49 174.48 6.20;
1654, 82700 49 174.88 5.44;
1655, 82750 49 175.21 5.32;
1656, 82800 50 175.47 5.95;
1657, 82850 49 175.72 6.58;
1658, 82900 49 175.97 7.21;
1659, 82950 49 176.28 7.06;
1660, 83000 49 176.66 6.05;
1661, 83050 50 177.03 5.04;
1662, 83100 49 177.41 4.03;
1663, 83150 49 177.69 3.58;
1664, 83200 49 177.86 3.71;
1665, 83250 49 178.04 3.84;
1666, 83300 50 178.22 3.96;
1667, 83350 49 178.41 4.02;
1668, 83400 49 178.61 4.02;
1669, 83450 49 178.81 4.02;
1670, 83500 49 179.01 4.02;
1671, 83550 50 179.21 4.78;
1672, 83600 49 179.41 6.17;
1673, 83650 49 179.61 7.56;
1674, 83700 49 179.81 8.95;
1675, 83750 49 180.17 9.55;
1676, 83800 50 180.65 9.55;
1677, 83850 49 181.13 9.55;
1678, 83900 49 181.60 9.55;
1679, 83950 49 182.08 8.73;
1680, 84000 49 182.56 7.34;
1681, 84050 50 183.04 5.95;
1682, 84100 49 183.52 4.56;
1683, 84150 49 183.82 4.64;
1684, 84200 49 184.02 5.65;
1685, 84250 49 184.23 6.67;
1686, 84300 50 184.43 7.68;
1687, 84350 49 184.76 7.64;
1688, 84400 49 185.16 7.01;
1689, 84450 49 185.56 6.38;
1690, 84500 49 185.96 5.75;
1691, 84550 50 186.28 6.03;
1692, 84600 49 186.56 6.79;
1693, 84650 49 186.84 7.55;
1694, 84700 49 187.11 8.31;
1695, 84750 49 187.49 8.03;
1696, 84800 50 187.92 7.27;
1697, 84850 49 188.35 6.51;
1698, 84900 49 188.77 5.76;
1699, 84950 49 189.09 5.98;
1700, 85000 49 189.37 6.61;
1701, 85050 50 189.65 7.24;
1702, 85100 49 189.92 7.87;
1703, 85150 49 190.29 8.23;
1704, 85200 49 190.69 8.48;
1705, 85250 49 191.10 8.74;
1706, 85300 50 191.50 8.99;
1707, 85350 49 191.94 8.20;
1708, 85400 49 192.39 7.06;
1709, 85450 49 192.84 5.92;
1710, 85500 49 193.30 4.78;
1711, 85550 50 193.57 4.23;
1712, 85600 49 193.80 3.85;
1713, 85650 49 194.03 3.47;
1714, 85700 49 194.25 3.09;
1715, 85750 49 194.42 4.53;
1716, 85800 50 194.57 6.42;
1717, 85850 49 194.72 8.32;
1718, 85900 49 194.87 10.22;
1719, 85950 49 195.33 9.32;
1720, 86000 49 195.86 7.80;
1721, 86050 50 196.39 6.28;
1722, 86100 49 196.92 4.77;
1723, 86150 49 197.19 3.78;
1724, 86200 49 197.42 2.90;
1725, 86250 49 197.64 2.01;
1726, 86300 50 197.87 1.13;
1727, 86350 49 197.94 2.64;
1728, 86400 49 197.99 4.54;
1729, 86450 49 198.04 6.44;
1730, 86500 49 198.09 8.33;
1731, 86550 50 198.48 8.88;
1732, 86600 49 198.91 9.26;
1733, 86650 49 199.33 9.64;
1734, 86700 49 199.76 10.02;
1735, 86750 49 200.26 9.71;
1736, 86800 50 200.76 9.33;
1737, 86850 49 201.26 8.95;
1738, 86900 49 201.77 8.57;
1739, 86950 49 202.20 7.25;
1740, 87000 49 202.63 5.86;
1741, 87050 50 203.05 4.47;
1742, 87100 49 203.48 3.08;
1743, 87150 49 203.64 3.74;
1744, 87200 49 203.79 4.50;
1745, 87250 49 203.95 5.26;
1746, 87300 50 204.10 6.02;
1747, 87350 49 204.39 5.66;
1748, 87400 49 204.70 5.28;
1749, 87450 49 205.00 4.91;
1750, 87500 49 205.30 4.53;
1751, 87550 50 205.53 5.66;
1752, 87600 49 205.75 6.80;
1753, 87650 49 205.98 7.94;
1754, 87700 49 206.21 9.00;
1755, 87750 49 206.66 6.85;
1756, 87800 50 207.12 4.70;
1757, 87850 49 207.57 2.55;
1758, 87900 49 208.00 0.50;
1759, 87950 49 208.03 0.37;
1760, 88000 49 208.05 0.24;
1761, 88050 50 208.08 0.12;
1762, 88100 49 208.10 0.00;
1763, 88150 49 208.10 0.00;
1764, 88200 49 208.10 0.00;
1765, 88250 49 208.10 0.00;
1766, 88300 50 208.10 0.87;
1767, 88350 49 208.10 10.48;
1768, 88400 49 208.10 20.09;
1769, 88450 49 208.10 29.70;
1770, 88500 49 208.32 45.99;
1771, 88550 50 210.23 114.39;
1772, 88600 49 212.14 182.79;
1773, 88650 49 214.05 251.19;
1774, 88700 49 217.82 299.63;
1775, 88750 49 233.33 221.62;
1776, 88800 50 248.84 143.61;
1777, 88850 49 264.35 65.60;
1778, 88900 49 276.52 4.97;
1779, 88950 49 270.96 36.20;
1780, 89000 49 265.40 67.43;
1781, 89050 50 259.85 98.65;
1782, 89100 49 256.43 118.53;
1783, 89150 49 262.64 87.30;
1784, 89200 49 268.85 56.07;
1785, 89250 49 275.06 24.84;
1786, 89300 50 279.79 0.00;
1787, 89350 49 278.76 0.00;
1788, 89400 49 277.73 0.00;
1789, 89450 49 276.70 0.00;
1790, 89500 49 273.59 0.00;
1791, 89550 50 263.43 0.00;
1792, 89600 49 253.28 0.00;
1793, 89650 49 243.12 0.00;
1794, 89700 49 233.77 0.00;
1795, 89750 49 226.83 0.00;
1796, 89800 50 219.89 0.00;
1797, 89850 49 212.95 0.00;
1798, 89900 49 207.90 0.03;
1799, 89950 49 207.90 0.16;
1800, 90000 49 207.90 0.29;
1801, 90050 50 207.90 0.41;
1802, 90100 49 207.91 0.47;
1803, 90150 49 207.93 0.34;
1804, 90200 49 207.96 0.21;
1805, 90250 49 207.98 0.09;
1806, 90300 50 207.99 0.00;
1807, 90350 49 207.97 0.00;
1808, 90400 49 207.94 0.00;
1809, 90450 49 207.92 0.00;
1810, 90500 49 207.90 0.00;
1811, 90550 50 207.90 0.00;
1812, 90600 49 207.90 0.00;
1813, 90650 49 207.90 0.00;
1814, 90700 49 207.90 0.00;
1815, 90750 49 207.90 0.00;
1816, 90800 50 207.90 0.00;
1817, 90850 49 207.90 0.00;
1818, 90900 49 207.90 0.00;
1819, 90950 49 207.90 0.00;
1820, 91000 49 207.90 0.00;
1821, 91050 50 207.90 0.00;
1822, 91100 49 207.90 0.00;
1823, 91150 49 207.90 0.00;
1824, 91200 49 207.90 0.00;
1825, 91250 49 207.90 0.00;
1826, 91300 50 207.90 0.00;
1827, 91350 49 207.90 0.00;
1828, 91400 49 207.90 0.00;
1829, 91450 49 207.90 0.00;
1830, 91500 49 207.90 0.00;
1831, 91550 50 207.90 0.00;
1832, 91600 49 207.90 0.00;
1833, 91650 49 207.90 0.00;
1834, 91700 49 207.90 0.00;
1835, 91750 49 207.90 0.00;
1836, 91800 50 207.90 0.00;
1837, 91850 49 207.90 0.00;
1838, 91900 49 207.90 0.00;
1839, 91950 49 207.90 0.00;
1840, 92000 49 207.90 0.00;
1841, 92050 50 207.90 0.00;
1842, 92100 49 207.90 0.00;
1843, 92150 49 207.90 0.00;
1844, 92200 49 207.90 0.00;
1845, 92250 49 207.90 0.00;
1846, 92300 50 207.90 0.00;
1847, 92350 49 207.90 0.00;
1848, 92400 49 207.90 0.00;
1849, 92450 49 207.90 0.00;
1850, 92500 49 207.90 0.00;
1851, 92550 50 207.90 0.00;
1852, 92600 49 207.90 0.00;
1853, 92650 49 207.90 0.00;
1854, 92700 49 207.90 0.00;
1855, 92750 49 207.90 0.00;
1856, 92800 50 207.90 0.00;
1857, 92850 49 207.90 0.00;
1858, 92900 49 207.90 0.00;
1859, 92950 49 207.90 0.00;
1860, 93000 49 207.90 0.00;
1861, 93050 50 207.90 0.00;
1862, 93100 49 207.90 0.00;
1863, 93150 49 207.90 0.00;
1864, 93200 49 207.90 0.00;
1865, 93250 49 207.90 0.00;
1866, 93300 50 207.90 0.00;
1867, 93350 49 207.90 0.00;
1868, 93400 49 207.90 0.00;
1869, 93450 49 207.90 0.00;
1870, 93500 49 207.90 0.00;
1871, 93550 50 207.90 0.00;
1872, 93600 49 207.90 0.00;
1873, 93650 49 207.90 0.00;
1874, 93700 49 207.90 0.00;
1875, 93750 49 207.90 0.00;
1876, 93800 50 207.90 0.00;
1877, 93850 49 207.90 0.00;
1878, 93900 49 207.90 0.00;
1879, 93950 49 207.90 0.00;
1880, 94000 49 207.90 0.00;
1881, 94050 50 207.90 0.00;
1882, 94100 49 207.90 0.00;
1883, 94150 49 207.90 0.00;
1884, 94200 49 207.90 0.00;
1885, 94250 49 207.90 0.00;
1886, 94300 50 207.90 0.10;
1887, 94350 49 207.90 0.22;
1888, 94400 49 207.90 0.35;
1889, 94450 49 207.90 0.48;
1890, 94500 49 207.92 3.12;
1891, 94550 50 207.95 6.40;
1892, 94600 49 207.97 9.69;
1893, 94650 49 208.00 12.98;
1894, 94700 49 208.56 12.13;
1895, 94750 49 209.23 10.36;
1896, 94800 50 209.91 8.59;
1897, 94850 49 210.59 6.82;
1898, 94900 49 210.97 6.54;
1899, 94950 49 211.30 6.54;
1900, 95000 49 211.63 6.54;
1901, 95050 50 211.96 6.54;
1902, 95100 49 212.28 5.77;
1903, 95150 49 212.61 4.89;
1904, 95200 49 212.94 4.00;
1905, 95250 49 213.26 3.12;
1906, 95300 50 213.43 3.69;
1907, 95350 49 213.58 4.45;
1908, 95400 49 213.74 5.21;
1909, 95450 49 213.89 5.97;
1910, 95500 49 214.17 6.38;
1911, 95550 50 214.48 6.76;
1912, 95600 49 214.78 7.14;
1913, 95650 49 215.08 7.52;
1914, 95700 49 215.45 7.66;
1915, 95750 49 215.83 7.79;
1916, 95800 50 216.21 7.91;
1917, 95850 49 216.58 8.04;
1918, 95900 49 216.98 7.68;
1919, 95950 49 217.39 7.30;
1920, 96000 49 217.79 6.93;
1921, 96050 50 218.19 6.55;
1922, 96100 49 218.52 6.66;
1923, 96150 49 218.85 6.79;
1924, 96200 49 219.17 6.91;
1925, 96250 49 219.50 7.04;
1926, 96300 50 219.85 6.28;
1927, 96350 49 220.20 5.52;
1928, 96400 49 220.56 4.76;
1929, 96450 49 220.90 4.04;
1930, 96500 49 221.11 4.67;
1931, 96550 50 221.31 5.30;
1932, 96600 49 221.51 5.93;
1933, 96650 49 221.71 6.53;
1934, 96700 49 222.04 6.27;
1935, 96750 49 222.37 6.02;
1936, 96800 50 222.70 5.77;
1937, 96850 49 223.02 5.56;
1938, 96900 49 223.30 5.94;
1939, 96950 49 223.57 6.32;
1940, 97000 49 223.85 6.70;
1941, 97050 50 224.13 6.94;
1942, 97100 49 224.48 5.80;
1943, 97150 49 224.84 4.66;
1944, 97200 49 225.19 3.52;
1945, 97250 49 225.51 2.73;
1946, 97300 50 225.64 4.63;
1947, 97350 49 225.77 6.52;
1948, 97400 49 225.89 8.42;
1949, 97450 49 226.07 9.99;
1950, 97500 49 226.57 9.48;
1951, 97550 50 227.07 8.98;
1952, 97600 49 227.58 8.47;
1953, 97650 49 228.06 7.86;
1954, 97700 49 228.47 6.73;
1955, 97750 49 228.87 5.59;
1956, 97800 50 229.27 4.45;
1957, 97850 49 229.63 3.63;
1958, 97900 49 229.81 4.27;
1959, 97950 49 229.98 4.90;
1960, 98000 49 230.16 5.53;
1961, 98050 50 230.36 5.98;
1962, 98100 49 230.66 5.73;
1963, 98150 49 230.97 5.48;
1964, 98200 49 231.27 5.22;
1965, 98250 49 231.56 5.09;
1966, 98300 50 231.81 5.34;
1967, 98350 49 232.06 5.59;
1968, 98400 49 232.31 5.84;
1969, 98450 49 232.58 5.75;
1970, 98500 49 232.88 4.61;
1971, 98550 50 233.18 3.47;
1972, 98600 49 233.48 2.34;
1973, 98650 49 233.72 1.54;
1974, 98700 49 233.80 1.67;
1975, 98750 49 233.87 1.80;
1976, 98800 50 233.95 1.92;
1977, 98850 49 234.03 2.50;
1978, 98900 49 234.13 4.14;
1979, 98950 49 234.23 5.78;
1980, 99000 49 234.33 7.43;
1981, 99050 50 234.54 7.86;
1982, 99100 49 234.96 5.72;
1983, 99150 49 235.39 3.57;
1984, 99200 49 235.82 1.42;
1985, 99250 49 236.10 0.04;
1986, 99300 50 236.10 0.17;
1987, 99350 49 236.10 0.30;
1988, 99400 49 236.10 0.42;
1989, 99450 49 236.11 0.46;
1990, 99500 49 236.13 0.33;
1991, 99550 50 236.16 0.20;
1992, 99600 49 236.18 0.08;
1993, 99650 49 236.20 0.05;
1994, 99700 49 236.20 0.18;
1995, 99750 49 236.20 0.30;
1996, 99800 50 236.20 0.43;
1997, 99850 49 236.21 9.50;
1998, 99900 49 236.24 31.50;
1999, 99950 49 236.26 53.50;
2000, 100000 49 236.29 75.50;
2001, 100050 50 238.20 97.39;
2002, 100100 49 242.60 119.14;
2003, 100150 49 247.00 140.88;
2004, 100200 49 251.40 162.63;
2005, 100250 49 257.77 154.55;
2006, 100300 50 266.49 110.68;
2007, 100350 49 275.21 66.81;
2008, 100400 49 283.94 22.93;
2009, 100450 49 287.93 10.45;
2010, 100500 49 286.75 32.33;
2011, 100550 50 285.57 54.22;
2012, 100600 49 284.38 76.10;
2013, 100650 49 285.97 81.73;
2014, 100700 49 290.32 71.10;
2015, 100750 49 294.67 60.46;
2016, 100800 50 299.02 49.83;
2017, 100850 49 302.27 44.62;
2018, 100900 49 304.51 44.37;
2019, 100950 49 306.75 44.12;
2020, 101000 49 308.98 43.86;
2021, 101050 50 311.19 37.75;
2022, 101100 49 313.38 26.75;
2023, 101150 49 315.57 15.75;
2024, 101200 49 317.76 4.75;
2025, 101250 49 317.66 0.00;
2026, 101300 50 315.82 0.00;
2027, 101350 49 313.99 0.00;
2028, 101400 49 312.15 0.00;
2029, 101450 49 301.79 0.00;
2030, 101500 49 285.52 0.00;
2031, 101550 50 269.25 0.00;
2032, 101600 49 252.99 0.00;
2033, 101650 49 245.10 0.00;
2034, 101700 49 242.48 0.00;
2035, 101750 49 239.87 0.00;
2036, 101800 50 237.25 0.00;
2037, 101850 49 236.30 0.00;
2038, 101900 49 236.30 0.00;
2039, 101950 49 236.30 0.00;
2040, 102000 49 236.30 0.00;
2041, 102050 50 236.28 0.00;
2042, 102100 49 236.26 0.00;
2043, 102150 49 236.23 0.00;
2044, 102200 49 236.21 0.00;
2045, 102250 49 236.20 0.00;
2046, 102300 50 236.20 0.00;
2047, 102350 49 236.20 0.00;
2048, 102400 49 236.20 0.00;
2049, 102450 49 236.20 0.00;
2050, 102500 49 236.20 0.00;
2051, 102550 50 236.20 0.00;
2052, 102600 49 236.20 0.00;
2053, 102650 49 236.20 0.00;
2054, 102700 49 236.20 0.00;
2055, 102750 49 236.20 0.00;
2056, 102800 50 236.20 0.00;
2057, 102850 49 236.20 0.00;
2058, 102900 49 236.20 0.00;
2059, 102950 49 236.20 0.00;
2060, 103000 49 236.20 0.00;
2061, 103050 50 236.20 0.00;
2062, 103100 49 236.20 0.00;
2063, 103150 49 236.20 0.00;
2064, 103200 49 236.20 0.00;
2065, 103250 49 236.20 0.00;
2066, 103300 50 236.20 0.00;
2067, 103350 49 236.20 0.00;
2068, 103400 49 236.20 0.00;
2069, 103450 49 236.20 0.00;
2070, 103500 49 236.20 0.00;
2071, 103550 50 236.20 0.00;
2072, 103600 49 236.20 0.00;
2073, 103650 49 236.20 0.00;
2074, 103700 49 236.20 0.00;
2075, 103750 49 236.20 0.00;
2076, 103800 50 236.20 0.00;
2077, 103850 49 236.20 0.00;
2078, 103900 49 236.20 0.00;
2079, 103950 49 236.20 0.00;
2080, 104000 49 236.20 0.00;
2081, 104050 50 236.20 0.00;
2082, 104100 49 236.20 0.00;
2083, 104150 49 236.20 0.00;
2084, 104200 49 236.20 0.00;
2085, 104250 49 236.20 0.00;
2086, 104300 50 236.20 0.00;
2087, 104350 49 236.20 0.00;
2088, 104400 49 236.20 0.00;
2089, 104450 49 236.20 0.00;
2090, 104500 49 236.20 0.00;
2091, 104550 50 236.20 0.00;
2092, 104600 49 236.20 0.00;
2093, 104650 49 236.20 0.00;
2094, 104700 49 236.20 0.00;
2095, 104750 49 236.20 0.00;
2096, 104800 50 236.20 0.00;
2097, 104850 49 236.20 0.00;
2098, 104900 49 236.20 0.00;
2099, 104950 49 236.20 0.00;
2100, 105000 49 236.20 0.00;
2101, 105050 50 236.20 1.64;
2102, 105100 49 236.20 3.29;
2103, 105150 49 236.20 4.93;
2104, 105200 49 236.21 6.53;
2105, 105250 49 236.53 6.15;
2106, 105300 50 236.86 5.77;
2107, 105350 49 237.19 5.39;
2108, 105400 49 237.51 5.01;
2109, 105450 49 237.76 4.63;
2110, 105500 49 238.01 4.25;
2111, 105550 50 238.27 3.87;
2112, 105600 49 238.51 3.49;
2113, 105650 49 238.69 3.11;
2114, 105700 49 238.86 2.74;
2115, 105750 49 239.04 2.36;
2116, 105800 50 239.21 2.06;
2117, 105850 49 239.31 2.56;
2118, 105900 49 239.41 3.07;
2119, 105950 49 239.51 3.57;
2120, 106000 49 239.62 4.07;
2121, 106050 50 239.82 4.45;
2122, 106100 49 240.03 4.82;
2123, 106150 49 240.23 5.20;
2124, 106200 49 240.44 5.58;
2125, 106250 49 240.71 5.96;
2126, 106300 50 240.99 6.34;
2127, 106350 49 241.27 6.72;
2128, 106400 49 241.56 6.86;
2129, 106450 49 241.91 5.72;
2130, 106500 49 242.26 4.58;
2131, 106550 50 242.61 3.45;
2132, 106600 49 242.92 2.63;
2133, 106650 49 243.05 3.26;
2134, 106700 49 243.17 3.89;
2135, 106750 49 243.30 4.53;
2136, 106800 50 243.45 4.82;
2137, 106850 49 243.70 3.81;
2138, 106900 49 243.95 2.80;
2139, 106950 49 244.21 1.79;
2140, 107000 49 244.41 1.15;
2141, 107050 50 244.46 1.78;
2142, 107100 49 244.51 2.41;
2143, 107150 49 244.56 3.05;
2144, 107200 49 244.64 3.74;
2145, 107250 49 244.82 4.63;
2146, 107300 50 245.00 5.51;
2147, 107350 49 245.17 6.40;
2148, 107400 49 245.40 6.80;
2149, 107450 49 245.75 5.91;
2150, 107500 49 246.10 5.03;
2151, 107550 50 246.45 4.14;
2152, 107600 49 246.75 3.45;
2153, 107650 49 246.93 3.19;
2154, 107700 49 247.10 2.94;
2155, 107750 49 247.28 2.69;
2156, 107800 50 247.44 2.43;
2157, 107850 49 247.57 2.18;
2158, 107900 49 247.69 1.93;
2159, 107950 49 247.82 1.68;
2160, 108000 49 247.93 2.24;
2161, 108050 50 248.00 4.39;
2162, 108100 49 248.08 6.54;
2163, 108150 49 248.15 8.69;
2164, 108200 49 248.38 9.51;
2165, 108250 49 248.89 7.99;
2166, 108300 50 249.39 6.47;
2167, 108350 49 249.89 4.95;
2168, 108400 49 250.28 3.83;
2169, 108450 49 250.48 3.32;
2170, 108500 49 250.68 2.82;
2171, 108550 50 250.88 2.31;
2172, 108600 49 251.04 1.86;
2173, 108650 49 251.14 1.48;
2174, 108700 49 251.24 1.10;
2175, 108750 49 251.34 0.72;
2176, 108800 50 251.41 1.10;
2177, 108850 49 251.44 2.49;
2178, 108900 49 251.46 3.88;
2179, 108950 49 251.49 5.28;
2180, 109000 49 251.64 5.34;
2181, 109050 50 251.94 3.83;
2182, 109100 49 252.24 2.31;
2183, 109150 49 252.54 0.79;
2184, 109200 49 252.69 0.00;
2185, 109250 49 252.66 0.00;
2186, 109300 50 252.64 0.00;
2187, 109350 49 252.61 0.00;
2188, 109400 49 252.54 35.65;
2189, 109450 49 252.41 106.96;
2190, 109500 49 252.29 178.27;
2191, 109550 50 252.16 249.58;
2192, 109600 49 259.51 251.43;
2193, 109650 49 273.69 189.85;
2194, 109700 49 287.87 128.28;
2195, 109750 49 302.05 66.71;
2196, 109800 50 309.56 35.00;
2197, 109850 49 311.49 28.17;
2198, 109900 49 313.43 21.34;
2199, 109950 49 315.36 14.51;
2200, 110000 49 316.53 15.80;
2201, 110050 50 317.11 23.26;
2202, 110100 49 317.69 30.72;
2203, 110150 49 318.26 38.18;
2204, 110200 49 319.72 35.11;
2205, 110250 49 321.78 24.74;
2206, 110300 50 323.84 14.37;
2207, 110350 49 325.90 4.01;
2208, 110400 49 326.07 0.00;
2209, 110450 49 325.04 0.00;
2210, 110500 49 324.01 0.00;
2211, 110550 50 322.97 0.00;
2212, 110600 49 322.58 0.00;
2213, 110650 49 322.56 0.00;
2214, 110700 49 322.53 0.00;
2215, 110750 49 322.51 0.00;
2216, 110800 50 317.91 13.26;
2217, 110850 49 310.94 33.37;
2218, 110900 49 303.97 53.49;
2219, 110950 49 297.01 73.60;
2220, 111000 49 297.52 69.22;
2221, 111050 50 301.52 53.40;
2222, 111100 49 305.52 37.59;
2223, 111150 49 309.52 21.77;
2224, 111200 49 311.30 14.07;
2225, 111250 49 312.16 9.77;
2226, 111300 50 313.01 5.47;
2227, 111350 49 313.87 1.17;
2228, 111400 49 313.92 0.00;
2229, 111450 49 313.67 0.00;
2230, 111500 49 313.41 0.00;
2231, 111550 50 313.16 0.00;
2232, 111600 49 301.75 0.00;
2233, 111650 49 286.61 0.00;
2234, 111700 49 271.48 0.00;
2235, 111750 49 256.34 0.00;
2236, 111800 50 252.82 0.10;
2237, 111850 49 252.72 0.22;
2238, 111900 49 252.62 0.35;
2239, 111950 49 252.52 0.48;
2240, 112000 49 252.52 0.40;
2241, 112050 50 252.55 0.28;
2242, 112100 49 252.57 0.15;
2243, 112150 49 252.60 0.02;
2244, 112200 49 252.58 0.00;
2245, 112250 49 252.55 0.00;
2246, 112300 50 252.53 0.00;
2247, 112350 49 252.50 0.00;
2248, 112400 49 252.50 0.00;
2249, 112450 49 252.50 0.00;
2250, 112500 49 252.50 0.00;
2251, 112550 50 252.50 0.00;
2252, 112600 49 252.50 0.11;
2253, 112650 49 252.50 0.24;
2254, 112700 49 252.50 0.36;
2255, 112750 49 252.50 0.49;
2256, 112800 50 252.52 0.39;
2257, 112850 49 252.55 0.26;
2258, 112900 49 252.57 0.14;
2259, 112950 49 252.60 0.01;
2260, 113000 49 252.60 0.00;
2261, 113050 50 252.60 0.00;
2262, 113100 49 252.60 0.00;
2263, 113150 49 252.60 0.00;
2264, 113200 49 252.60 0.00;
2265, 113250 49 252.60 0.00;
2266, 113300 50 252.60 0.00;
2267, 113350 49 252.60 0.00;
2268, 113400 49 252.58 0.00;
2269, 113450 49 252.55 0.00;
2270, 113500 49 252.53 0.00;
2271, 113550 50 252.50 0.00;
2272, 113600 49 252.50 0.00;
2273, 113650 49 252.50 0.00;
2274, 113700 49 252.50 0.00;
2275, 113750 49 252.50 0.00;
2276, 113800 50 252.50 0.00;
2277, 113850 49 252.50 0.00;
2278, 113900 49 252.50 0.00;
2279, 113950 49 252.50 0.00;
2280, 114000 49 252.50 0.00;
2281, 114050 50 252.50 0.00;
2282, 114100 49 252.50 0.00;
2283, 114150 49 252.50 0.00;
2284, 114200 49 252.50 0.00;
2285, 114250 49 252.50 0.00;
2286, 114300 50 252.50 0.00;
2287, 114350 49 252.50 0.00;
2288, 114400 49 252.50 0.00;
2289, 114450 49 252.50 0.00;
2290, 114500 49 252.50 0.00;
2291, 114550 50 252.50 0.00;
2292, 114600 49 252.50 0.00;
2293, 114650 49 252.50 0.00;
2294, 114700 49 252.50 0.00;
2295, 114750 49 252.50 0.00;
2296, 114800 50 252.50 0.00;
2297, 114850 49 252.50 0.00;
2298, 114900 49 252.50 0.00;
2299, 114950 49 252.50 0.00;
2300, 115000 49 252.50 0.00;
2301, 115050 50 252.50 0.00;
2302, 115100 49 252.50 0.00;
2303, 115150 49 252.50 0.00;
2304, 115200 49 252.50 0.00;
2305, 115250 49 252.50 0.00;
2306, 115300 50 252.50 0.00;
2307, 115350 49 252.50 0.00;
2308, 115400 49 252.50 0.00;
2309, 115450 49 252.50 0.00;
2310, 115500 49 252.50 0.00;
2311, 115550 50 252.50 0.00;
2312, 115600 49 252.50 0.00;
2313, 115650 49 252.50 0.00;
2314, 115700 49 252.50 0.00;
2315, 115750 49 252.50 0.00;
2316, 115800 50 252.50 0.00;
2317, 115850 49 252.50 0.00;
2318, 115900 49 252.50 0.00;
2319, 115950 49 252.50 0.00;
2320, 116000 49 252.50 0.00;
2321, 116050 50 252.50 0.00;
2322, 116100 49 252.50 0.00;
2323, 116150 49 252.50 0.00;
2324, 116200 49 252.50 0.00;
2325, 116250 49 252.50 0.00;
2326, 116300 50 252.50 0.00;
2327, 116350 49 252.50 0.00;
2328, 116400 49 252.50 0.00;
2329, 116450 49 252.50 0.00;
2330, 116500 49 252.50 0.00;
2331, 116550 50 252.50 0.00;
2332, 116600 49 252.50 0.00;
2333, 116650 49 252.50 0.00;
2334, 116700 49 252.50 0.00;
2335, 116750 49 252.50 0.00;
2336, 116800 50 252.50 0.00;
2337, 116850 49 252.50 0.00;
2338, 116900 49 252.50 0.00;
2339, 116950 49 252.50 0.00;
2340, 117000 49 252.50 0.00;
2341, 117050 50 252.50 0.00;
2342, 117100 49 252.50 0.00;
2343, 117150 49 252.50 0.00;
2344, 117200 49 252.50 0.00;
2345, 117250 49 252.50 0.00;
2346, 117300 50 252.50 0.00;
2347, 117350 49 252.50 0.00;
2348, 117400 49 252.50 0.00;
2349, 117450 49 252.50 0.00;
2350, 117500 49 252.50 0.00;
2351, 117550 50 252.50 0.00;
2352, 117600 49 252.50 0.00;
2353, 117650 49 252.50 0.00;
2354, 117700 49 252.50 0.00;
2355, 117750 49 252.50 0.00;
2356, 117800 50 252.50 0.00;
2357, 117850 49 252.50 0.00;
2358, 117900 49 252.50 0.00;
2359, 117950 49 252.50 0.00;
2360, 118000 49 252.50 0.00;
2361, 118050 50 252.50 0.00;
2362, 118100 49 252.50 0.00;
2363, 118150 49 252.50 0.00;
2364, 118200 49 252.50 0.00;
2365, 118250 49 252.50 0.00;
2366, 118300 50 252.50 0.00;
2367, 118350 49 252.50 0.00;
2368, 118400 49 252.50 0.00;
2369, 118450 49 252.50 0.00;
2370, 118500 49 252.50 0.00;
2371, 118550 50 252.50 0.00;
2372, 118600 49 252.50 0.00;
2373, 118650 49 252.50 0.00;
2374, 118700 49 252.50 0.00;
2375, 118750 49 252.50 0.00;
2376, 118800 50 252.50 0.00;
2377, 118850 49 252.50 0.00;
2378, 118900 49 252.50 0.00;
2379, 118950 49 252.50 0.00;
2380, 119000 49 252.50 0.00;
2381, 119050 50 252.50 0.00;
2382, 119100 49 252.50 0.00;
2383, 119150 49 252.50 0.00;
2384, 119200 49 252.50 0.00;
2385, 119250 49 252.50 0.00;
2386, 119300 50 252.50 0.00;
2387, 119350 49 252.50 0.00;
2388, 119400 49 252.50 0.00;
2389, 119450 49 252.50 0.00;
2390, 119500 49 252.50 0.00;
2391, 119550 50 252.50 0.00;
2392, 119600 49 252.50 0.00;
2393, 119650 49 252.50 0.00;
2394, 119700 49 252.50 0.00;
2395, 119750 49 252.50 0.00;
2396, 119800 50 252.50 0.00;
2397, 119850 49 252.50 0.00;
2398, 119900 49 252.50 0.00;
2399, 119950 49 252.50 0.00;
2400, 120000 49 252.50 0.00;
2401, 120050 50 252.50 0.00;
2402, 120100 49 252.50 0.00;
2403, 120150 49 252.50 0.00;
2404, 120200 49 252.50 0.00;
2405, 120250 49 252.50 0.00;
2406, 120300 50 252.50 0.00;
2407, 120350 49 252.50 0.00;
2408, 120400 49 252.50 0.00;
2409, 120450 49 252.50 0.00;
2410, 120500 49 252.50 0.00;
2411, 120550 50 252.50 0.00;
2412, 120600 49 252.50 0.00;
2413, 120650 49 252.50 0.00;
2414, 120700 49 252.50 0.00;
2415, 120750 49 252.50 0.00;
2416, 120800 50 252.50 0.00;
2417, 120850 49 252.50 0.00;
2418, 120900 49 252.50 0.00;
2419, 120950 49 252.50 0.00;
2420, 121000 49 252.50 0.00;
2421, 121050 50 252.50 0.00;
2422, 121100 49 252.50 0.00;
2423, 121150 49 252.50 0.00;
2424, 121200 49 252.50 0.00;
2425, 121250 49 252.50 0.00;
2426, 121300 50 252.50 0.00;
2427, 121350 49 252.50 0.00;
2428, 121400 49 252.50 0.00;
2429, 121450 49 252.50 0.00;
2430, 121500 49 252.50 0.00;
2431, 121550 50 252.50 0.00;
2432, 121600 49 252.50 0.00;
2433, 121650 49 252.50 0.00;
2434, 121700 49 252.50 0.00;
2435, 121750 49 252.50 0.00;
2436, 121800 50 252.50 0.00;
2437, 121850 49 252.50 0.00;
2438, 121900 49 252.50 0.00;
2439, 121950 49 252.50 0.00;
2440, 122000 49 252.50 0.00;
2441, 122050 50 252.50 0.00;
2442, 122100 49 252.50 0.00;
2443, 122150 49 252.50 0.00;
2444, 122200 49 252.50 0.00;
2445, 122250 49 252.50 0.00;
2446, 122300 50 252.50 0.00;
2447, 122350 49 252.50 0.00;
2448, 122400 49 252.50 0.00;
2449, 122450 49 252.50 0.00;
2450, 122500 49 252.50 0.00;
2451, 122550 50 252.47 0.00;
2452, 122600 49 252.45 0.00;
2453, 122650 49 252.42 0.00;
2454, 122700 49 252.40 0.00;
2455, 122750 49 252.40 0.00;
2456, 122800 50 252.40 0.00;
2457, 122850 49 252.40 0.00;
2458, 122900 49 252.40 0.00;
2459, 122950 49 252.40 0.00;
2460, 123000 49 252.40 0.00;
2461, 123050 50 252.40 0.00;
2462, 123100 49 252.40 0.00;
2463, 123150 49 252.40 0.00;
2464, 123200 49 252.40 0.00;
2465, 123250 49 252.40 0.00;
2466, 123300 50 252.40 0.00;
2467, 123350 49 252.40 0.00;
2468, 123400 49 252.40 0.00;
2469, 123450 49 252.40 0.00;
2470, 123500 49 252.40 0.00;
2471, 123550 50 252.40 0.00;
2472, 123600 49 252.40 0.00;
2473, 123650 49 252.40 0.00;
2474, 123700 49 252.40 0.00;
2475, 123750 49 252.40 0.00;
2476, 123800 50 252.40 0.00;
2477, 123850 49 252.40 0.00;
2478, 123900 49 252.40 0.00;
2479, 123950 49 252.40 0.00;
2480, 124000 49 252.40 0.00;
2481, 124050 50 252.40 0.00;
2482, 124100 49 252.40 0.00;
2483, 124150 49 252.40 0.00;
2484, 124200 49 252.40 0.00;
2485, 124250 49 252.40 0.00;
2486, 124300 50 252.40 0.00;
2487, 124350 49 252.40 0.00;
2488, 124400 49 252.40 0.00;
2489, 124450 49 252.40 0.00;
2490, 124500 49 252.40 0.00;
2491, 124550 50 252.40 0.00;
2492, 124600 49 252.40 0.00;
2493, 124650 49 252.40 0.00;
2494, 124700 49 252.40 0.00;
2495, 124750 49 252.40 0.00;
2496, 124800 50 252.40 0.00;
2497, 124850 49 252.40 0.00;
2498, 124900 49 252.40 0.00;
2499, 124950 49 252.40 0.00;
2500, 125000 49 252.40 0.00;
2501, 125050 50 252.40 0.00;
2502, 125100 49 252.40 0.00;
2503, 125150 49 252.40 0.00;
2504, 125200 49 252.40 0.00;
2505, 125250 49 252.40 0.00;
2506, 125300 50 252.39 0.04;
2507, 125350 49 252.37 0.17;
2508, 125400 49 252.34 0.29;
2509, 125450 49 252.32 0.42;
2510, 125500 49 252.31 0.46;
2511, 125550 50 252.33 0.33;
2512, 125600 49 252.36 0.21;
2513, 125650 49 252.38 0.08;
2514, 125700 49 252.40 0.00;
2515, 125750 49 252.40 0.00;
2516, 125800 50 252.40 0.00;
2517, 125850 49 252.40 0.00;
2518, 125900 49 252.40 0.00;
2519, 125950 49 252.40 0.00;
2520, 126000 49 252.40 0.00;
2521, 126050 50 252.40 0.00;
2522, 126100 49 252.40 0.00;
2523, 126150 49 252.40 0.00;
2524, 126200 49 252.40 0.00;
2525, 126250 49 252.40 0.00;
2526, 126300 50 252.40 0.00;
2527, 126350 49 252.40 0.00;
2528, 126400 49 252.40 0.00;
2529, 126450 49 252.40 0.00;
2530, 126500 49 252.40 0.00;
2531, 126550 50 252.40 0.00;
2532, 126600 49 252.40 0.00;
2533, 126650 49 252.40 0.00;
2534, 126700 49 252.40 0.00;
2535, 126750 49 252.40 0.00;
2536, 126800 50 252.40 0.00;
2537, 126850 49 252.40 0.00;
2538, 126900 49 252.40 0.00;
2539, 126950 49 252.40 0.00;
2540, 127000 49 252.40 0.00;
2541, 127050 50 252.40 0.00;
2542, 127100 49 252.40 0.00;
2543, 127150 49 252.40 0.00;
2544, 127200 49 252.40 0.00;
2545, 127250 49 252.40 0.00;
2546, 127300 50 252.40 0.00;
2547, 127350 49 252.40 0.00;
2548, 127400 49 252.40 0.00;
2549, 127450 49 252.40 0.00;
2550, 127500 49 252.40 0.00;
2551, 127550 50 252.40 0.00;
2552, 127600 49 252.40 0.00;
2553, 127650 49 252.40 0.00;
2554, 127700 49 252.40 0.00;
2555, 127750 49 252.40 0.00;
2556, 127800 50 252.40 0.00;
2557, 127850 49 252.40 0.00;
2558, 127900 49 252.40 0.00;
2559, 127950 49 252.40 0.00;
2560, 128000 49 252.40 0.00;
2561, 128050 50 252.40 0.00;
2562, 128100 49 252.40 0.00;
2563, 128150 50 252.40 0.00;
2564, 128200 50 252.40 0.00;
2565, 128250 49 252.40 0.00;
2566, 128300 50 252.40 0.00;
2567, 128350 49 252.40 0.00;
2568, 128400 50 252.40 0.00;
2569, 128450 50 252.40 0.00;
2570, 128500 49 252.40 0.00;
2571, 128550 50 252.40 0.00;
2572, 128600 49 252.40 0.00;
2573, 128650 50 252.40 0.00;
2574, 128700 50 252.40 0.00;
2575, 128750 49 252.40 0.00;
2576, 128800 50 252.40 0.00;
2577, 128850 49 252.40 0.00;
2578, 128900 50 252.40 0.00;
2579, 128950 50 252.40 0.00;
2580, 129000 49 252.40 0.00;
2581, 129050 50 252.40 0.00;
2582, 129100 49 252.40 0.00;
2583, 129150 50 252.40 0.00;
2584, 129200 50 252.40 0.00;
2585, 129250 49 252.40 0.00;
2586, 129300 50 252.38 0.00;
2587, 129350 49 252.36 0.00;
2588, 129400 50 252.33 0.00;
2589, 129450 50 252.31 0.00;
2590, 129500 49 252.30 0.00;
2591, 129550 50 252.30 0.00;
2592, 129600 49 252.30 0.00;
2593, 129650 50 252.30 0.00;
2594, 129700 50 252.30 0.00;
2595, 129750 49 252.30 0.00;
2596, 129800 50 252.30 0.00;
2597, 129850 49 252.30 0.00;
2598, 129900 50 252.30 0.00;
2599, 129950 50 252.30 0.00;
2600, 130000 49 252.30 0.00;
2601, 130050 50 252.30 0.00;
2602, 130100 49 252.30 0.00;
2603, 130150 50 252.30 0.00;
2604, 130200 50 252.30 0.00;
2605, 130250 49 252.30 0.00;
2606, 130300 50 252.30 0.00;
2607, 130350 49 252.30 0.00;
2608, 130400 50 252.30 0.00;
2609, 130450 50 252.30 0.00;
2610, 130500 49 252.30 0.00;
2611, 130550 50 252.30 0.00;
2612, 130600 49 252.30 0.00;
2613, 130650 50 252.30 0.00;
2614, 130700 50 252.30 0.00;
2615, 130750 49 252.30 0.00;
2616, 130800 50 252.30 0.00;
2617, 130850 49 252.30 0.00;
2618, 130900 50 252.30 0.00;
2619, 130950 50 252.30 0.00;
2620, 131000 49 252.30 0.00;
2621, 131050 50 252.30 0.00;
2622, 131100 49 252.30 0.00;
2623, 131150 50 252.30 0.00;
2624, 131200 50 252.30 0.00;
2625, 131250 49 252.30 0.00;
2626, 131300 50 252.30 0.00;
2627, 131350 49 252.30 0.00;
2628, 131400 50 252.30 0.00;
2629, 131450 50 252.30 0.00;
2630, 131500 49 252.30 0.00;
2631, 131550 50 252.30 0.00;
2632, 131600 49 252.30 0.00;
2633, 131650 50 252.30 0.00;
2634, 131700 50 252.30 0.00;
2635, 131750 49 252.30 0.00;
2636, 131800 50 252.30 0.00;
2637, 131850 49 252.30 0.00;
2638, 131900 50 252.30 0.00;
2639, 131950 50 252.30 0.00;
2640, 132000 49 252.30 0.00;
2641, 132050 50 252.30 0.00;
2642, 132100 49 252.30 0.00;
2643, 132150 50 252.30 0.00;
2644, 132200 50 252.30 0.00;
2645, 132250 49 252.30 0.00;
2646, 132300 50 252.30 0.00;
2647, 132350 49 252.30 0.00;
2648, 132400 50 252.30 0.00;
2649, 132450 50 252.30 0.00;
2650, 132500 49 252.30 0.00;
2651, 132550 50 252.30 0.00;
2652, 132600 49 252.30 0.00;
2653, 132650 50 252.30 0.00;
2654, 132700 50 252.30 0.00;
2655, 132750 49 252.30 0.00;
2656, 132800 50 252.30 0.00;
2657, 132850 49 252.30 0.00;
2658, 132900 50 252.30 0.00;
2659, 132950 50 252.30 0.00;
2660, 133000 49 252.30 0.00;
2661, 133050 50 252.30 0.00;
2662, 133100 49 252.30 0.00;
2663, 133150 50 252.30 0.00;
2664, 133200 50 252.30 0.00;
2665, 133250 49 252.30 0.00;
2666, 133300 50 252.30 0.00;
2667, 133350 49 252.30 0.00;
2668, 133400 50 252.30 0.00;
2669, 133450 50 252.30 0.00;
2670, 133500 49 252.30 0.00;
2671, 133550 50 252.30 0.00;
2672, 133600 49 252.30 0.00;
2673, 133650 50 252.30 0.00;
2674, 133700 50 252.30 0.00;
2675, 133750 49 252.30 0.00;
2676, 133800 50 252.30 0.00;
2677, 133850 49 252.30 0.00;
2678, 133900 50 252.30 0.00;
2679, 133950 50 252.30 0.00;
2680, 134000 49 252.30 0.00;
2681, 134050 50 252.30 0.00;
2682, 134100 49 252.30 0.00;
2683, 134150 50 252.30 0.00;
2684, 134200 50 252.30 0.00;
2685, 134250 49 252.30 0.00;
2686, 134300 50 252.30 0.00;
2687, 134350 49 252.30 0.00;
2688, 134400 50 252.30 0.00;
2689, 134450 50 252.30 0.00;
2690, 134500 49 252.30 0.00;
2691, 134550 50 252.30 0.00;
2692, 134600 49 252.30 0.00;
2693, 134650 50 252.30 0.00;
2694, 134700 50 252.30 0.00;
2695, 134750 49 252.30 0.00;
2696, 134800 50 252.30 0.00;
2697, 134850 49 252.30 0.00;
2698, 134900 50 252.30 0.00;
2699, 134950 50 252.30 0.00;
2700, 135000 49 252.30 0.00;
2701, 135050 50 252.30 0.00;
2702, 135100 49 252.30 0.00;
2703, 135150 50 252.30 0.00;
2704, 135200 50 252.30 0.00;
2705, 135250 49 252.30 0.00;
2706, 135300 50 252.30 0.00;
2707, 135350 49 252.30 0.00;
2708, 135400 50 252.30 0.00;
2709, 135450 50 252.30 0.00;
2710, 135500 49 252.30 0.00;
2711, 135550 50 252.30 0.00;
2712, 135600 49 252.30 0.00;
2713, 135650 50 252.30 0.00;
2714, 135700 50 252.30 0.00;
2715, 135750 49 252.30 0.00;
2716, 135800 50 252.30 0.00;
2717, 135850 49 252.30 0.00;
2718, 135900 50 252.30 0.00;
2719, 135950 50 252.30 0.00;
2720, 136000 49 252.30 0.00;
2721, 136050 50 252.30 0.00;
2722, 136100 49 252.30 0.00;
2723, 136150 50 252.30 0.00;
2724, 136200 50 252.30 0.00;
2725, 136250 49 252.30 0.00;
2726, 136300 50 252.30 0.00;
2727, 136350 49 252.30 0.00;
2728, 136400 50 252.30 0.00;
2729, 136450 50 252.30 0.00;
2730, 136500 49 252.30 0.00;
2731, 136550 50 252.30 0.00;
2732, 136600 49 252.30 0.00;
2733, 136650 50 252.30 0.00;
2734, 136700 50 252.30 0.00;
2735, 136750 49 252.30 0.00;
2736, 136800 50 252.30 0.00;
2737, 136850 49 252.30 0.00;
2738, 136900 50 252.30 0.00;
2739, 136950 50 252.30 0.00;
2740, 137000 49 252.30 0.00;
2741, 137050 50 252.30 0.00;
2742, 137100 49 252.30 0.00;
2743, 137150 50 252.30 0.00;
2744, 137200 50 252.30 0.00;
2745, 137250 49 252.30 0.00;
2746, 137300 50 252.30 0.00;
2747, 137350 49 252.30 0.00;
2748, 137400 50 252.30 0.00;
2749, 137450 50 252.30 0.00;
2750, 137500 49 252.30 0.00;
2751, 137550 50 252.30 0.00;
2752, 137600 49 252.30 0.00;
2753, 137650 50 252.30 0.00;
2754, 137700 50 252.30 0.00;
2755, 137750 49 252.30 0.00;
2756, 137800 50 252.30 0.00;
2757, 137850 49 252.30 0.00;
2758, 137900 50 252.30 0.00;
2759, 137950 50 252.30 0.00;
2760, 138000 49 252.30 0.00;
2761, 138050 50 252.30 0.00;
2762, 138100 49 252.30 0.00;
2763, 138150 50 252.30 0.00;
2764, 138200 50 252.30 0.00;
2765, 138250 49 252.30 0.00;
2766, 138300 50 252.30 0.00;
2767, 138350 49 252.30 0.00;
2768, 138400 50 252.30 0.00;
2769, 138450 50 252.30 0.00;
2770, 138500 49 252.30 0.00;
2771, 138550 50 252.30 0.00;
2772, 138600 49 252.30 0.00;
2773, 138650 50 252.30 0.00;
2774, 138700 50 252.30 0.00;
2775, 138750 49 252.30 0.00;
2776, 138800 50 252.30 0.00;
2777, 138850 49 252.30 0.00;
2778, 138900 50 252.30 0.00;
2779, 138950 50 252.30 0.00;
2780, 139000 49 252.30 0.00;
2781, 139050 50 252.30 0.00;
2782, 139100 49 252.30 0.00;
2783, 139150 50 252.30 0.00;
2784, 139200 50 252.30 0.00;
2785, 139250 49 252.30 0.00;
2786, 139300 50 252.30 0.00;
2787, 139350 49 252.30 0.00;
2788, 139400 50 252.30 0.00;
2789, 139450 50 252.28 0.00;
2790, 139500 49 252.25 0.00;
2791, 139550 50 252.23 0.00;
2792, 139600 49 252.20 0.00;
2793, 139650 50 252.20 0.00;
2794, 139700 50 252.20 0.00;
2795, 139750 49 252.20 0.00;
2796, 139800 50 252.20 0.00;
2797, 139850 49 252.20 0.00;
2798, 139900 50 252.20 0.00;
2799, 139950 50 252.20 0.00;
2800, 140000 49 252.20 0.00;
